0,0.000928
100000000,0.115152
200000000,0.116016
300000000,0.161472
400000000,0.163632
500000000,0.240912
600000000,0.173194
700000000,0.2184
800000000,0.208656
900000000,0.208224
1000000000,0.208656
1100000000,0.20952
1200000000,0.207792
1300000000,0.210384
1400000000,0.207792
1500000000,0.209088
1600000000,0.208224
1700000000,0.208656
1800000000,0.209386
1900000000,0.207493
2000000000,0.209088
2100000000,0.207792
2200000000,0.209088
2300000000,0.208751
2400000000,0.208128
2500000000,0.209952
2600000000,0.20736
2700000000,0.20952
2800000000,0.20736
2900000000,0.208224
3000000000,0.209088
3100000000,0.207792
3200000000,0.187479
3300000000,0.20736
3400000000,0.20952
3500000000,0.208656
3600000000,0.208224
3700000000,0.20952
3800000000,0.207636
3900000000,0.175813
4000000000,0.20736
4100000000,0.208863
4200000000,0.208224
4300000000,0.208656
4400000000,0.209952
4500000000,0.20736
4600000000,0.209952
4700000000,0.208224
4800000000,0.208656
4900000000,0.208656
5000000000,0.208656
5100000000,0.20952
5200000000,0.20736
5300000000,0.209952
5400000000,0.208224
5500000000,0.208656
5600000000,0.208656
5700000000,0.208224
5800000000,0.210384
5900000000,0.206928
6000000000,0.209088
6100000000,0.208007
6200000000,0.208872
6300000000,0.209088
6400000000,0.207792
6500000000,0.159121
6600000000,0.207792
6700000000,0.209088
6800000000,0.207792
6900000000,0.209088
7000000000,0.20952
7100000000,0.20736
7200000000,0.208603
7300000000,0.207792
7400000000,0.209088
7500000000,0.208224
7600000000,0.208656
7700000000,0.209952
7800000000,0.207792
7900000000,0.209088
8000000000,0.207792
8100000000,0.209088
8200000000,0.209088
8300000000,0.207792
8400000000,0.209952
8500000000,0.207792
8600000000,0.209088
8700000000,0.207792
8800000000,0.209088
8900000000,0.209088
9000000000,0.208224
9100000000,0.177473
9200000000,0.20736
9300000000,0.20952
9400000000,0.207792
9500000000,0.208224
9600000000,0.209088
9700000000,0.207792
9800000000,0.193471
9900000000,0.20736
10000000000,0.20952
10100000000,0.208656
10200000000,0.208224
10300000000,0.209952
10400000000,0.20736
10500000000,0.20952
10600000000,0.20736
10700000000,0.20952
10800000000,0.208656
10900000000,0.208224
11000000000,0.210384
11100000000,0.20736
11200000000,0.20952
11300000000,0.20736
11400000000,0.208224
11500000000,0.209088
11600000000,0.208224
11700000000,0.18614
11800000000,0.20736
11900000000,0.20952
12000000000,0.208656
12100000000,0.208224
12200000000,0.209088
12300000000,0.207792
12400000000,0.187774
12500000000,0.20736
12600000000,0.20952
12700000000,0.208656
12800000000,0.208224
12900000000,0.209952
13000000000,0.20736
13100000000,0.20952
13200000000,0.20736
13300000000,0.20952
13400000000,0.209088
13500000000,0.208224
13600000000,0.210384
13700000000,0.20736
13800000000,0.20952
13900000000,0.20736
14000000000,0.208224
14100000000,0.209088
14200000000,0.208224
14300000000,0.185871
14400000000,0.20736
14500000000,0.20952
14600000000,0.20736
14700000000,0.208224
14800000000,0.209088
14900000000,0.207792
15000000000,0.190763
15100000000,0.20736
15200000000,0.20952
15300000000,0.208656
15400000000,0.208224
15500000000,0.209952
15600000000,0.20736
15700000000,0.20952
15800000000,0.20736
15900000000,0.20952
16000000000,0.208656
16100000000,0.208224
16200000000,0.210384
16300000000,0.20736
16400000000,0.20952
16500000000,0.207792
16600000000,0.209088
16700000000,0.209088
16800000000,0.208224
16900000000,0.17742
17000000000,0.207792
17100000000,0.209088
17200000000,0.207792
17300000000,0.207792
17400000000,0.209088
17500000000,0.207792
17600000000,0.201682
17700000000,0.207792
17800000000,0.209088
17900000000,0.208224
18000000000,0.208656
18100000000,0.209952
18200000000,0.207792
18300000000,0.209088
18400000000,0.207792
18500000000,0.209088
18600000000,0.209088
18700000000,0.207792
18800000000,0.209952
18900000000,0.207792
19000000000,0.209088
19100000000,0.207792
19200000000,0.209088
19300000000,0.20952
19400000000,0.207792
19500000000,0.161544
19600000000,0.207792
19700000000,0.209088
19800000000,0.207792
19900000000,0.209088
20000000000,0.20952
20100000000,0.207792
20200000000,0.210384
20300000000,0.208224
20400000000,0.208656
20500000000,0.208656
20600000000,0.208224
20700000000,0.20952
20800000000,0.20736
20900000000,0.209952
21000000000,0.208224
21100000000,0.208656
21200000000,0.208656
21300000000,0.208224
21400000000,0.210384
21500000000,0.206928
21600000000,0.209952
21700000000,0.208224
21800000000,0.208656
21900000000,0.20952
22000000000,0.20736
22100000000,0.170491
22200000000,0.206928
22300000000,0.208656
22400000000,0.208224
22500000000,0.208656
22600000000,0.20952
22700000000,0.20736
22800000000,0.209899
22900000000,0.20736
23000000000,0.208224
23100000000,0.209088
23200000000,0.208224
23300000000,0.209952
23400000000,0.20736
23500000000,0.20952
23600000000,0.20736
23700000000,0.208224
23800000000,0.209088
23900000000,0.208224
24000000000,0.185346
24100000000,0.20736
24200000000,0.20952
24300000000,0.20736
24400000000,0.208224
24500000000,0.209088
24600000000,0.207792
24700000000,0.199208
24800000000,0.207792
24900000000,0.209088
25000000000,0.208224
25100000000,0.208656
25200000000,0.209952
25300000000,0.207792
25400000000,0.209088
25500000000,0.207792
25600000000,0.209088
25700000000,0.209088
25800000000,0.207792
25900000000,0.210384
26000000000,0.207442
26100000000,0.209088
26200000000,0.207792
26300000000,0.209088
26400000000,0.209088
26500000000,0.207792
26600000000,0.156875
26700000000,0.208224
26800000000,0.208656
26900000000,0.208224
27000000000,0.208656
27100000000,0.209952
27200000000,0.20736
27300000000,0.209952
27400000000,0.208224
27500000000,0.208656
27600000000,0.208656
27700000000,0.208656
27800000000,0.209952
27900000000,0.20736
28000000000,0.209952
28100000000,0.208656
28200000000,0.208224
28300000000,0.209088
28400000000,0.207792
28500000000,0.193108
28600000000,0.20736
28700000000,0.20952
28800000000,0.208656
28900000000,0.208224
29000000000,0.209088
29100000000,0.207792
29200000000,0.193915
29300000000,0.20736
29400000000,0.20952
29500000000,0.209088
29600000000,0.208656
29700000000,0.209952
29800000000,0.207792
29900000000,0.209088
30000000000,0.207792
30100000000,0.209088
30200000000,0.209088
30300000000,0.207792
30400000000,0.210384
30500000000,0.207792
30600000000,0.209088
30700000000,0.207792
30800000000,0.209088
30900000000,0.209088
31000000000,0.207792
31100000000,0.156841
31200000000,0.208224
31300000000,0.208656
31400000000,0.208224
31500000000,0.208656
31600000000,0.209952
31700000000,0.20736
31800000000,0.209952
31900000000,0.207947
32000000000,0.208656
32100000000,0.208656
32200000000,0.208656
32300000000,0.209952
32400000000,0.20736
32500000000,0.20952
32600000000,0.20736
32700000000,0.208224
32800000000,0.209088
32900000000,0.207792
33000000000,0.188828
33100000000,0.20736
33200000000,0.20952
33300000000,0.20736
33400000000,0.208224
33500000000,0.209088
33600000000,0.207792
33700000000,0.199896
33800000000,0.207792
33900000000,0.209088
34000000000,0.208224
34100000000,0.208656
34200000000,0.21022
34300000000,0.207449
34400000000,0.209088
34500000000,0.207792
34600000000,0.209088
34700000000,0.209088
34800000000,0.207792
34900000000,0.210384
35000000000,0.206928
35100000000,0.208656
35200000000,0.208224
35300000000,0.208656
35400000000,0.20952
35500000000,0.20736
35600000000,0.166385
35700000000,0.206928
35800000000,0.208656
35900000000,0.208224
36000000000,0.208656
36100000000,0.20952
36200000000,0.20736
36300000000,0.209647
36400000000,0.20736
36500000000,0.208224
36600000000,0.209088
36700000000,0.208224
36800000000,0.210244
36900000000,0.20736
37000000000,0.20952
37100000000,0.20736
37200000000,0.209078
37300000000,0.209088
37400000000,0.208224
37500000000,0.17651
37600000000,0.207792
37700000000,0.209088
37800000000,0.207792
37900000000,0.209088
38000000000,0.20952
38100000000,0.20736
38200000000,0.210384
38300000000,0.207792
38400000000,0.209088
38500000000,0.208224
38600000000,0.208656
38700000000,0.20952
38800000000,0.20736
38900000000,0.209952
39000000000,0.208224
39100000000,0.208656
39200000000,0.208656
39300000000,0.208224
39400000000,0.208313
39500000000,0.206928
39600000000,0.209952
39700000000,0.208224
39800000000,0.208656
39900000000,0.20952
40000000000,0.208224
40100000000,0.181505
40200000000,0.20736
40300000000,0.20952
40400000000,0.208656
40500000000,0.208224
40600000000,0.209952
40700000000,0.20736
40800000000,0.20952
40900000000,0.20736
41000000000,0.20952
41100000000,0.208656
41200000000,0.208224
41300000000,0.209952
41400000000,0.207792
41500000000,0.209088
41600000000,0.207792
41700000000,0.209088
41800000000,0.20952
41900000000,0.207792
42000000000,0.160155
42100000000,0.207792
42200000000,0.209088
42300000000,0.208224
42400000000,0.208656
42500000000,0.20952
42600000000,0.207792
42700000000,0.209952
42800000000,0.208224
42900000000,0.208656
43000000000,0.208656
43100000000,0.208656
43200000000,0.209952
43300000000,0.20736
43400000000,0.209952
43500000000,0.208656
43600000000,0.208224
43700000000,0.209088
43800000000,0.207792
43900000000,0.191453
44000000000,0.20736
44100000000,0.20952
44200000000,0.208239
44300000000,0.208224
44400000000,0.209088
44500000000,0.207792
44600000000,0.198199
44700000000,0.207792
44800000000,0.209088
44900000000,0.208224
45000000000,0.208656
45100000000,0.209952
45200000000,0.207792
45300000000,0.209088
45400000000,0.207792
45500000000,0.209088
45600000000,0.209088
45700000000,0.207792
45800000000,0.210384
45900000000,0.206928
46000000000,0.209088
46100000000,0.208224
46200000000,0.208656
46300000000,0.20952
46400000000,0.20736
46500000000,0.166304
46600000000,0.206928
46700000000,0.208656
46800000000,0.208224
46900000000,0.208656
47000000000,0.20952
47100000000,0.20736
47200000000,0.209737
47300000000,0.20736
47400000000,0.208224
47500000000,0.209088
47600000000,0.208224
47700000000,0.210384
47800000000,0.20736
47900000000,0.20952
48000000000,0.20736
48100000000,0.206496
48200000000,0.210384
48300000000,0.208224
48400000000,0.209644
48500000000,0.209952
48600000000,0.20952
48700000000,0.210384
48800000000,0.209088
48900000000,0.209952
49000000000,0.210384
49100000000,0.208656
49200000000,0.20952
49300000000,0.210384
49400000000,0.209088
49500000000,0.210384
49600000000,0.20952
49700000000,0.209952
49800000000,0.168607
49900000000,0.208656
50000000000,0.20952
50100000000,0.210384
50200000000,0.209088
50300000000,0.209952
50400000000,0.20952
50500000000,0.209206
50600000000,0.210384
50700000000,0.209088
50800000000,0.209088
50900000000,0.210384
51000000000,0.20952
51100000000,0.209952
51200000000,0.209952
51300000000,0.209088
51400000000,0.210384
51500000000,0.209088
51600000000,0.209088
51700000000,0.186291
51800000000,0.20952
51900000000,0.20952
52000000000,0.209952
52100000000,0.209088
52200000000,0.210384
52300000000,0.20952
52400000000,0.208656
52500000000,0.210384
52600000000,0.209952
52700000000,0.20952
52800000000,0.210384
52900000000,0.209088
53000000000,0.210384
53100000000,0.20952
53200000000,0.20952
53300000000,0.210384
53400000000,0.209952
53500000000,0.20952
53600000000,0.203936
53700000000,0.20952
53800000000,0.209952
53900000000,0.20952
54000000000,0.208656
54100000000,0.210384
54200000000,0.210384
54300000000,0.209088
54400000000,0.204955
54500000000,0.20952
54600000000,0.209952
54700000000,0.210384
54800000000,0.208656
54900000000,0.210384
55000000000,0.210384
55100000000,0.209088
55200000000,0.209952
55300000000,0.20952
55400000000,0.20952
55500000000,0.210384
55600000000,0.209088
55700000000,0.210384
55800000000,0.210384
55900000000,0.208656
56000000000,0.209952
56100000000,0.209952
56200000000,0.20952
56300000000,0.186858
56400000000,0.209088
56500000000,0.210384
56600000000,0.210384
56700000000,0.208656
56800000000,0.20952
56900000000,0.209952
57000000000,0.209088
57100000000,0.210384
57200000000,0.20952
57300000000,0.209952
57400000000,0.210384
57500000000,0.208656
57600000000,0.20952
57700000000,0.210384
57800000000,0.209088
57900000000,0.210384
58000000000,0.20952
58100000000,0.209952
58200000000,0.168124
58300000000,0.208656
58400000000,0.209088
58500000000,0.210384
58600000000,0.20952
58700000000,0.209952
58800000000,0.20952
58900000000,0.20952
59000000000,0.210384
59100000000,0.209088
59200000000,0.209088
59300000000,0.210384
59400000000,0.20952
59500000000,0.209952
59600000000,0.209952
59700000000,0.209088
59800000000,0.210384
59900000000,0.209088
60000000000,0.209088
60100000000,0.184273
60200000000,0.20952
60300000000,0.20952
60400000000,0.209952
60500000000,0.209088
60600000000,0.210384
60700000000,0.20952
60800000000,0.208656
60900000000,0.210384
61000000000,0.209952
61100000000,0.20952
61200000000,0.210384
61300000000,0.209088
61400000000,0.210384
61500000000,0.20952
61600000000,0.20952
61700000000,0.210384
61800000000,0.209952
61900000000,0.20952
62000000000,0.204944
62100000000,0.209367
62200000000,0.209952
62300000000,0.20982
62400000000,0.208656
62500000000,0.210384
62600000000,0.210384
62700000000,0.209088
62800000000,0.201953
62900000000,0.20952
63000000000,0.209952
63100000000,0.210384
63200000000,0.208656
63300000000,0.210384
63400000000,0.210384
63500000000,0.209088
63600000000,0.209952
63700000000,0.20952
63800000000,0.209952
63900000000,0.210384
64000000000,0.209088
64100000000,0.210384
64200000000,0.210384
64300000000,0.209036
64400000000,0.209952
64500000000,0.209952
64600000000,0.20952
64700000000,0.179075
64800000000,0.209088
64900000000,0.209376
65000000000,0.210384
65100000000,0.208224
65200000000,0.209952
65300000000,0.209952
65400000000,0.20952
65500000000,0.210384
65600000000,0.209088
65700000000,0.209088
65800000000,0.210384
65900000000,0.208594
66000000000,0.20952
66100000000,0.209952
66200000000,0.209088
66300000000,0.210384
66400000000,0.209208
66500000000,0.208656
66600000000,0.177874
66700000000,0.209952
66800000000,0.20952
66900000000,0.21017
67000000000,0.209088
67100000000,0.210384
67200000000,0.20952
67300000000,0.208656
67400000000,0.210384
67500000000,0.209952
67600000000,0.20952
67700000000,0.210384
67800000000,0.209088
67900000000,0.210384
68000000000,0.20952
68100000000,0.20952
68200000000,0.210384
68300000000,0.209952
68400000000,0.20952
68500000000,0.204383
68600000000,0.209088
68700000000,0.209952
68800000000,0.210318
68900000000,0.208656
69000000000,0.210384
69100000000,0.209952
69200000000,0.209088
69300000000,0.199199
69400000000,0.20952
69500000000,0.209952
69600000000,0.210384
69700000000,0.208656
69800000000,0.210384
69900000000,0.210384
70000000000,0.209088
70100000000,0.210384
70200000000,0.20952
70300000000,0.209952
70400000000,0.210384
70500000000,0.208656
70600000000,0.20952
70700000000,0.210384
70800000000,0.209088
70900000000,0.209952
71000000000,0.20952
71100000000,0.209952
71200000000,0.169163
71300000000,0.208656
71400000000,0.209088
71500000000,0.210384
71600000000,0.20952
71700000000,0.209952
71800000000,0.20952
71900000000,0.209289
72000000000,0.210384
72100000000,0.209088
72200000000,0.209088
72300000000,0.210384
72400000000,0.20952
72500000000,0.209952
72600000000,0.209952
72700000000,0.209088
72800000000,0.210384
72900000000,0.210384
73000000000,0.209088
73100000000,0.195036
73200000000,0.20952
73300000000,0.209952
73400000000,0.209952
73500000000,0.208656
73600000000,0.210384
73700000000,0.210384
73800000000,0.209088
73900000000,0.205291
74000000000,0.20952
74100000000,0.209952
74200000000,0.210384
74300000000,0.208656
74400000000,0.210384
74500000000,0.210384
74600000000,0.209088
74700000000,0.209952
74800000000,0.20952
74900000000,0.209952
75000000000,0.210384
75100000000,0.208656
75200000000,0.20952
75300000000,0.210384
75400000000,0.209088
75500000000,0.209952
75600000000,0.20952
75700000000,0.209952
75800000000,0.168415
75900000000,0.208656
76000000000,0.209252
76100000000,0.210384
76200000000,0.209088
76300000000,0.209952
76400000000,0.20952
76500000000,0.208656
76600000000,0.210384
76700000000,0.208801
76800000000,0.209088
76900000000,0.210384
77000000000,0.209088
77100000000,0.209952
77200000000,0.20952
77300000000,0.20952
77400000000,0.210384
77500000000,0.209952
77600000000,0.209088
77700000000,0.202526
77800000000,0.209088
77900000000,0.209952
78000000000,0.210384
78100000000,0.208656
78200000000,0.210384
78300000000,0.209952
78400000000,0.209088
78500000000,0.193804
78600000000,0.209088
78700000000,0.209952
78800000000,0.210384
78900000000,0.208656
79000000000,0.20952
79100000000,0.209952
79200000000,0.209088
79300000000,0.210384
79400000000,0.209088
79500000000,0.209952
79600000000,0.210384
79700000000,0.208656
79800000000,0.20952
79900000000,0.209952
80000000000,0.209088
80100000000,0.210384
80200000000,0.209088
80300000000,0.209088
80400000000,0.181703
80500000000,0.20952
80600000000,0.20952
80700000000,0.209952
80800000000,0.208656
80900000000,0.210384
81000000000,0.210384
81100000000,0.209088
81200000000,0.210384
81300000000,0.20952
81400000000,0.20952
81500000000,0.210384
81600000000,0.208656
81700000000,0.210384
81800000000,0.210384
81900000000,0.209088
82000000000,0.209952
82100000000,0.20952
82200000000,0.209952
82300000000,0.210384
82400000000,0.208656
82500000000,0.20952
82600000000,0.210384
82700000000,0.209088
82800000000,0.210384
82900000000,0.20952
83000000000,0.209952
83100000000,0.168527
83200000000,0.208656
83300000000,0.20952
83400000000,0.210384
83500000000,0.209088
83600000000,0.210384
83700000000,0.20952
83800000000,0.208656
83900000000,0.210384
84000000000,0.209952
84100000000,0.20952
84200000000,0.210384
84300000000,0.209088
84400000000,0.210384
84500000000,0.210384
84600000000,0.208656
84700000000,0.209952
84800000000,0.20952
84900000000,0.20952
85000000000,0.210384
85100000000,0.208801
85200000000,0.210384
85300000000,0.210384
85400000000,0.209088
85500000000,0.209952
85600000000,0.20952
85700000000,0.209952
85800000000,0.16556
85900000000,0.208656
86000000000,0.20952
86100000000,0.210384
86200000000,0.209088
86300000000,0.210384
86400000000,0.20952
86500000000,0.208656
86600000000,0.210384
86700000000,0.209952
86800000000,0.20952
86900000000,0.210384
87000000000,0.209088
87100000000,0.210384
87200000000,0.210384
87300000000,0.208656
87400000000,0.209952
87500000000,0.20952
87600000000,0.20952
87700000000,0.210384
87800000000,0.208656
87900000000,0.209088
88000000000,0.210384
88100000000,0.209088
88200000000,0.209952
88300000000,0.20952
88400000000,0.209952
88500000000,0.167956
88600000000,0.208656
88700000000,0.20952
88800000000,0.210384
88900000000,0.209088
89000000000,0.210384
89100000000,0.20952
89200000000,0.208656
89300000000,0.210384
89400000000,0.20952
89500000000,0.20952
89600000000,0.210384
89700000000,0.208656
89800000000,0.210384
89900000000,0.210384
90000000000,0.209088
90100000000,0.210384
90200000000,0.20952
90300000000,0.209952
90400000000,0.210384
90500000000,0.208656
90600000000,0.20952
90700000000,0.209952
90800000000,0.209088
90900000000,0.210384
91000000000,0.209088
91100000000,0.208656
91200000000,0.181914
91300000000,0.20952
91400000000,0.209952
91500000000,0.209952
91600000000,0.208656
91700000000,0.210384
91800000000,0.210384
91900000000,0.209088
92000000000,0.198625
92100000000,0.20952
92200000000,0.209952
92300000000,0.210384
92400000000,0.208656
92500000000,0.20952
92600000000,0.209952
92700000000,0.20952
92800000000,0.210384
92900000000,0.209088
93000000000,0.209088
93100000000,0.210384
93200000000,0.20952
93300000000,0.209952
93400000000,0.20952
93500000000,0.209088
93600000000,0.210384
93700000000,0.209952
93800000000,0.20952
93900000000,0.206182
94000000000,0.209088
94100000000,0.210384
94200000000,0.210384
94300000000,0.208656
94400000000,0.209952
94500000000,0.20952
94600000000,0.20952
94700000000,0.170471
94800000000,0.208656
94900000000,0.209088
95000000000,0.210384
95100000000,0.209088
95200000000,0.210384
95300000000,0.20952
95400000000,0.208656
95500000000,0.210384
95600000000,0.20952
95700000000,0.20952
95800000000,0.210384
95900000000,0.208656
96000000000,0.210384
96100000000,0.210384
96200000000,0.209088
96300000000,0.210384
96400000000,0.20952
96500000000,0.209952
96600000000,0.210384
96700000000,0.208554
96800000000,0.20952
96900000000,0.209952
97000000000,0.209088
97100000000,0.210384
97200000000,0.209088
97300000000,0.209088
97400000000,0.19535
97500000000,0.209239
97600000000,0.209952
97700000000,0.210384
97800000000,0.208656
97900000000,0.209952
98000000000,0.209952
98100000000,0.20952
98200000000,0.175924
98300000000,0.209088
98400000000,0.209088
98500000000,0.210384
98600000000,0.209088
98700000000,0.209952
98800000000,0.20952
98900000000,0.208656
99000000000,0.210384
99100000000,0.20952
99200000000,0.20952
99300000000,0.210384
99400000000,0.208656
99500000000,0.210384
99600000000,0.210384
99700000000,0.209088
99800000000,0.210384
99900000000,0.209088
100000000000,0.209314
100100000000,0.210384
100200000000,0.20952
100300000000,0.209952
100400000000,0.209952
100500000000,0.209088
100600000000,0.210384
100700000000,0.209952
100800000000,0.209088
100900000000,0.204437
101000000000,0.209088
101100000000,0.210384
101200000000,0.210384
101300000000,0.208656
101400000000,0.209952
101500000000,0.20952
101600000000,0.209952
101700000000,0.164181
101800000000,0.208656
101900000000,0.20952
102000000000,0.209952
102100000000,0.208682
102200000000,0.210384
102300000000,0.210384
102400000000,0.209088
102500000000,0.200058
102600000000,0.20952
102700000000,0.209952
102800000000,0.210384
102900000000,0.208224
103000000000,0.209952
103100000000,0.209952
103200000000,0.20952
103300000000,0.210384
103400000000,0.208656
103500000000,0.209088
103600000000,0.210384
103700000000,0.209088
103800000000,0.210384
103900000000,0.210384
104000000000,0.208656
104100000000,0.209952
104200000000,0.20952
104300000000,0.209952
104400000000,0.210384
104500000000,0.208656
104600000000,0.20952
104700000000,0.209952
104800000000,0.209088
104900000000,0.210384
105000000000,0.210335
105100000000,0.209088
105200000000,0.199417
105300000000,0.209088
105400000000,0.210384
105500000000,0.210384
105600000000,0.208656
105700000000,0.209952
105800000000,0.20952
105900000000,0.209952
106000000000,0.165305
106100000000,0.208656
106200000000,0.20952
106300000000,0.209952
106400000000,0.208656
106500000000,0.210384
106600000000,0.210384
106700000000,0.209088
106800000000,0.191119
106900000000,0.209088
107000000000,0.210384
107100000000,0.210384
107200000000,0.208487
107300000000,0.209952
107400000000,0.20952
107500000000,0.208656
107600000000,0.210384
107700000000,0.209952
107800000000,0.20952
107900000000,0.210384
108000000000,0.208656
108100000000,0.210384
108200000000,0.209952
108300000000,0.209088
108400000000,0.210384
108500000000,0.209088
108600000000,0.209088
108700000000,0.210384
108800000000,0.209088
108900000000,0.209952
109000000000,0.20952
109100000000,0.208656
109200000000,0.209952
109300000000,0.20952
109400000000,0.20952
109500000000,0.210384
109600000000,0.208656
109700000000,0.20952
109800000000,0.209952
109900000000,0.209088
110000000000,0.210384
110100000000,0.209952
110200000000,0.209088
110300000000,0.201521
110400000000,0.209088
110500000000,0.210384
110600000000,0.210384
110700000000,0.208656
110800000000,0.209952
110900000000,0.20952
111000000000,0.208656
111100000000,0.17542
111200000000,0.20952
111300000000,0.209952
111400000000,0.209949
111500000000,0.208656
111600000000,0.20952
111700000000,0.209952
111800000000,0.20952
111900000000,0.171276
112000000000,0.208656
112100000000,0.20952
112200000000,0.210384
112300000000,0.209088
112400000000,0.210384
112500000000,0.210384
112600000000,0.209088
112700000000,0.19445
112800000000,0.209088
112900000000,0.209952
113000000000,0.210384
113100000000,0.208742
113200000000,0.209952
113300000000,0.20952
113400000000,0.208656
113500000000,0.210384
113600000000,0.20952
113700000000,0.20952
113800000000,0.210384
113900000000,0.208656
114000000000,0.20952
114100000000,0.209952
114200000000,0.20952
114300000000,0.210384
114400000000,0.208656
114500000000,0.20952
114600000000,0.210384
114700000000,0.209065
114800000000,0.210384
114900000000,0.210384
115000000000,0.209088
115100000000,0.210384
115200000000,0.209088
115300000000,0.209088
115400000000,0.210384
115500000000,0.209088
115600000000,0.209952
115700000000,0.20952
115800000000,0.208656
115900000000,0.209952
116000000000,0.20952
116100000000,0.209952
116200000000,0.210384
116300000000,0.208224
116400000000,0.209952
116500000000,0.20952
116600000000,0.209088
116700000000,0.210384
116800000000,0.209952
116900000000,0.20952
117000000000,0.210384
117100000000,0.208656
117200000000,0.20952
117300000000,0.209952
117400000000,0.209088
117500000000,0.210384
117600000000,0.209952
117700000000,0.209088
117800000000,0.207883
117900000000,0.209044
118000000000,0.209088
118100000000,0.210384
118200000000,0.209088
118300000000,0.210384
118400000000,0.209088
118500000000,0.209088
118600000000,0.194533
118700000000,0.209088
118800000000,0.210384
118900000000,0.210384
119000000000,0.208691
119100000000,0.210384
119200000000,0.209088
119300000000,0.208656
119400000000,0.182826
119500000000,0.20952
119600000000,0.209952
119700000000,0.210384
119800000000,0.208656
119900000000,0.209952
120000000000,0.20952
120100000000,0.208656
120200000000,0.172401
120300000000,0.20952
120400000000,0.209952
120500000000,0.20952
120600000000,0.208656
120700000000,0.209952
120800000000,0.20952
120900000000,0.20952
121000000000,0.163653
121100000000,0.20952
121200000000,0.20952
121300000000,0.209952
121400000000,0.208656
121500000000,0.20952
121600000000,0.209952
121700000000,0.20952
121800000000,0.16213
121900000000,0.208656
122000000000,0.20952
122100000000,0.209952
122200000000,0.208656
122300000000,0.210384
122400000000,0.209952
122500000000,0.20952
122600000000,0.167525
122700000000,0.208656
122800000000,0.20952
122900000000,0.209952
123000000000,0.208656
123100000000,0.210384
123200000000,0.209952
123300000000,0.20952
123400000000,0.171592
123500000000,0.208656
123600000000,0.206496
123700000000,0.210384
123800000000,0.221856
123900000000,0.245232
124000000000,0.245232
124100000000,0.244368
124200000000,0.267312
124300000000,0.268176
124400000000,0.267312
124500000000,0.29112
124600000000,0.290688
124700000000,0.289824
124800000000,0.3132
124900000000,0.314928
125000000000,0.312768
125100000000,0.337008
125200000000,0.33744
125300000000,0.335712
125400000000,0.360384
125500000000,0.360384
125600000000,0.358964
125700000000,0.382896
125800000000,0.382896
125900000000,0.382032
126000000000,0.406272
126100000000,0.40584
126200000000,0.404976
126300000000,0.440256
126400000000,0.439824
126500000000,0.450432
126600000000,0.452592
126700000000,0.452592
126800000000,0.473808
126900000000,0.451531
127000000000,0.475104
127100000000,0.49632
127200000000,0.441763
127300000000,0.498048
127400000000,0.519696
127500000000,0.431646
127600000000,0.52056
127700000000,0.543504
127800000000,0.422043
127900000000,0.543504
128000000000,0.566016
128100000000,0.412089
128200000000,0.566016
128300000000,0.589391
128400000000,0.402647
128500000000,0.588959
128600000000,0.611903
128700000000,0.392852
128800000000,0.612767
128900000000,0.635279
129000000000,0.404181
129100000000,0.635711
129200000000,0.657791
129300000000,0.437235
129400000000,0.658223
129500000000,0.681167
129600000000,0.469782
129700000000,0.681167
129800000000,0.704543
129900000000,0.502686
130000000000,0.704111
130100000000,0.727055
130200000000,0.542334
130300000000,0.726191
130400000000,0.749999
130500000000,0.619443
130600000000,0.738095
130700000000,0.69794
130800000000,0.695651
130900000000,0.737663
131000000000,0.621336
131100000000,0.739823
131200000000,0.738095
131300000000,0.5452
131400000000,0.739391
131500000000,0.738095
131600000000,0.468667
131700000000,0.739391
131800000000,0.738095
131900000000,0.470603
132000000000,0.738959
132100000000,0.738095
132200000000,0.547085
132300000000,0.738959
132400000000,0.738527
132500000000,0.623101
132600000000,0.738527
132700000000,0.694077
132800000000,0.699517
132900000000,0.738527
133000000000,0.617694
133100000000,0.739823
133200000000,0.738095
133300000000,0.541775
133400000000,0.739391
133500000000,0.738095
133600000000,0.465456
133700000000,0.739391
133800000000,0.738095
133900000000,0.477439
134000000000,0.738959
134100000000,0.738095
134200000000,0.553713
134300000000,0.738959
134400000000,0.738527
134500000000,0.629525
134600000000,0.738527
134700000000,0.687856
134800000000,0.70574
134900000000,0.738527
135000000000,0.612103
135100000000,0.739435
135200000000,0.738095
135300000000,0.535946
135400000000,0.739391
135500000000,0.738095
135600000000,0.459816
135700000000,0.738959
135800000000,0.738095
135900000000,0.47926
136000000000,0.738959
136100000000,0.738527
136200000000,0.554918
136300000000,0.738527
136400000000,0.738527
136500000000,0.630982
136600000000,0.738527
136700000000,0.686579
136800000000,0.70702
136900000000,0.738095
137000000000,0.610999
137100000000,0.739391
137200000000,0.738095
137300000000,0.535011
137400000000,0.739391
137500000000,0.738095
137600000000,0.459479
137700000000,0.738959
137800000000,0.738095
137900000000,0.483678
138000000000,0.738959
138100000000,0.738527
138200000000,0.559175
138300000000,0.738527
138400000000,0.738527
138500000000,0.635082
138600000000,0.738527
138700000000,0.683066
138800000000,0.710967
138900000000,0.738095
139000000000,0.607203
139100000000,0.739391
139200000000,0.738095
139300000000,0.531361
139400000000,0.739391
139500000000,0.738095
139600000000,0.455971
139700000000,0.738959
139800000000,0.738095
139900000000,0.483393
140000000000,0.738959
140100000000,0.738527
140200000000,0.558754
140300000000,0.738527
140400000000,0.738527
140500000000,0.634528
140600000000,0.738527
140700000000,0.683752
140800000000,0.710284
140900000000,0.738095
141000000000,0.608014
141100000000,0.739391
141200000000,0.738095
141300000000,0.532293
141400000000,0.739391
141500000000,0.738095
141600000000,0.45702
141700000000,0.738959
141800000000,0.738095
141900000000,0.486015
142000000000,0.738959
142100000000,0.738527
142200000000,0.561265
142300000000,0.738527
142400000000,0.738527
142500000000,0.636931
142600000000,0.738527
142700000000,0.681457
142800000000,0.712582
142900000000,0.738095
143000000000,0.60582
143100000000,0.739391
143200000000,0.738095
143300000000,0.530196
143400000000,0.739391
143500000000,0.738095
143600000000,0.455017
143700000000,0.738959
143800000000,0.738095
143900000000,0.484249
144000000000,0.738959
144100000000,0.738527
144200000000,0.55941
144300000000,0.738527
144400000000,0.738527
144500000000,0.634992
144600000000,0.738527
144700000000,0.683479
144800000000,0.710563
144900000000,0.738095
145000000000,0.607918
145100000000,0.739391
145200000000,0.738095
145300000000,0.532368
145400000000,0.739391
145500000000,0.738095
145600000000,0.457258
145700000000,0.738959
145800000000,0.738095
145900000000,0.485705
146000000000,0.738959
146100000000,0.738527
146200000000,0.560802
146300000000,0.738527
146400000000,0.738527
146500000000,0.636324
146600000000,0.738527
146700000000,0.682206
146800000000,0.711839
146900000000,0.738095
147000000000,0.606699
147100000000,0.739391
147200000000,0.738095
147300000000,0.531197
147400000000,0.739391
147500000000,0.738095
147600000000,0.456132
147700000000,0.738959
147800000000,0.738095
147900000000,0.483086
148000000000,0.738959
148100000000,0.738527
148200000000,0.558143
148300000000,0.738527
148400000000,0.738527
148500000000,0.63363
148600000000,0.738527
148700000000,0.684834
148800000000,0.709112
148900000000,0.738095
149000000000,0.609457
149100000000,0.739391
149200000000,0.738095
149300000000,0.533979
149400000000,0.739391
149500000000,0.738095
149600000000,0.458936
149700000000,0.738959
149800000000,0.738095
149900000000,0.484002
150000000000,0.738959
150100000000,0.738527
150200000000,0.559045
150300000000,0.738527
150400000000,0.738527
150500000000,0.63452
150600000000,0.738527
150700000000,0.684057
150800000000,0.709994
150900000000,0.738095
151000000000,0.608581
151100000000,0.739391
151200000000,0.738095
151300000000,0.533105
151400000000,0.739391
151500000000,0.738095
151600000000,0.458058
151700000000,0.738959
151800000000,0.738095
151900000000,0.48116
152000000000,0.738959
152100000000,0.738527
152200000000,0.556212
152300000000,0.738527
152400000000,0.738527
152500000000,0.631699
152600000000,0.738527
152700000000,0.686432
152800000000,0.70719
152900000000,0.738213
153000000000,0.611369
153100000000,0.739391
153200000000,0.738095
153300000000,0.535869
153400000000,0.739391
153500000000,0.738095
153600000000,0.460362
153700000000,0.738959
153800000000,0.738095
153900000000,0.482169
154000000000,0.738959
154100000000,0.738527
154200000000,0.557685
154300000000,0.738527
154400000000,0.738527
154500000000,0.632777
154600000000,0.738527
154700000000,0.685317
154800000000,0.708309
154900000000,0.738095
155000000000,0.610209
155100000000,0.739391
155200000000,0.738095
155300000000,0.53466
155400000000,0.739391
155500000000,0.738095
155600000000,0.459534
155700000000,0.738959
155800000000,0.738095
155900000000,0.479733
156000000000,0.738959
156100000000,0.738527
156200000000,0.554875
156300000000,0.738838
156400000000,0.738527
156500000000,0.630459
156600000000,0.738527
156700000000,0.687573
156800000000,0.706056
156900000000,0.738527
157000000000,0.612397
157100000000,0.739391
157200000000,0.738095
157300000000,0.536776
157400000000,0.739391
157500000000,0.738095
157600000000,0.461142
157700000000,0.738959
157800000000,0.738095
157900000000,0.481462
158000000000,0.738959
158100000000,0.738527
158200000000,0.557118
158300000000,0.738527
158400000000,0.738527
158500000000,0.632356
158600000000,0.738527
158700000000,0.68559
158800000000,0.708042
158900000000,0.738095
159000000000,0.610322
159100000000,0.739391
159200000000,0.738095
159300000000,0.534604
159400000000,0.739391
159500000000,0.738095
159600000000,0.459302
159700000000,0.738959
159800000000,0.738095
159900000000,0.480062
160000000000,0.738959
160100000000,0.738527
160200000000,0.555391
160300000000,0.738527
160400000000,0.738527
160500000000,0.631171
160600000000,0.738527
160700000000,0.686666
160800000000,0.70697
160900000000,0.738125
161000000000,0.61128
161100000000,0.739391
161200000000,0.738095
161300000000,0.535442
161400000000,0.739391
161500000000,0.738095
161600000000,0.459713
161700000000,0.738959
161800000000,0.738095
161900000000,0.483142
162000000000,0.738959
162100000000,0.738527
162200000000,0.558601
162300000000,0.738527
162400000000,0.738527
162500000000,0.634514
162600000000,0.738527
162700000000,0.683621
162800000000,0.71045
162900000000,0.738095
163000000000,0.607662
163100000000,0.739391
163200000000,0.738095
163300000000,0.53168
163400000000,0.739391
163500000000,0.738095
163600000000,0.456105
163700000000,0.738959
163800000000,0.738095
163900000000,0.483405
164000000000,0.738959
164100000000,0.738527
164200000000,0.559018
164300000000,0.738527
164400000000,0.738527
164500000000,0.635089
164600000000,0.738527
164700000000,0.682888
164800000000,0.711186
164900000000,0.738095
165000000000,0.606765
165100000000,0.739391
165200000000,0.738095
165300000000,0.530614
165400000000,0.739391
165500000000,0.738095
165600000000,0.454866
165700000000,0.738959
165800000000,0.738095
165900000000,0.488462
166000000000,0.738959
166100000000,0.738527
166200000000,0.564253
166300000000,0.738527
166400000000,0.738527
166500000000,0.640505
166600000000,0.738527
166700000000,0.67729
166800000000,0.716356
166900000000,0.738095
167000000000,0.600977
167100000000,0.739391
167200000000,0.738095
167300000000,0.525066
167400000000,0.738959
167500000000,0.738095
167600000000,0.44869
167700000000,0.738959
167800000000,0.738527
167900000000,0.490582
168000000000,0.738527
168100000000,0.738527
168200000000,0.567007
168300000000,0.738527
168400000000,0.738959
168500000000,0.643465
168600000000,0.738095
168700000000,0.674125
168800000000,0.719525
168900000000,0.738095
169000000000,0.597599
169100000000,0.739391
169200000000,0.738095
169300000000,0.521471
169400000000,0.738959
169500000000,0.738095
169600000000,0.444875
169700000000,0.738959
169800000000,0.738527
169900000000,0.49824
170000000000,0.738527
170100000000,0.738527
170200000000,0.574891
170300000000,0.738527
170400000000,0.738959
170500000000,0.651146
170600000000,0.738095
170700000000,0.665782
170800000000,0.727871
170900000000,0.738095
171000000000,0.589452
171100000000,0.738959
171200000000,0.738095
171300000000,0.512651
171400000000,0.738959
171500000000,0.738527
171600000000,0.436243
171700000000,0.738527
171800000000,0.738527
171900000000,0.503703
172000000000,0.738527
172100000000,0.738095
172200000000,0.580171
172300000000,0.738095
172400000000,0.736544
172500000000,0.657112
172600000000,0.738095
172700000000,0.659995
172800000000,0.734094
172900000000,0.737873
173000000000,0.582972
173100000000,0.738959
173200000000,0.738095
173300000000,0.505907
173400000000,0.738527
173500000000,0.737663
173600000000,0.437452
173700000000,0.738527
173800000000,0.738095
173900000000,0.51415
174000000000,0.738095
174100000000,0.737663
174200000000,0.591324
174300000000,0.738095
174400000000,0.725551
174500000000,0.668542
174600000000,0.738095
174700000000,0.648289
174800000000,0.739823
174900000000,0.738095
175000000000,0.571414
175100000000,0.738959
175200000000,0.737663
175300000000,0.494061
175400000000,0.738527
175500000000,0.738095
175600000000,0.445719
175700000000,0.738527
175800000000,0.737663
175900000000,0.523143
176000000000,0.738095
176100000000,0.738095
176200000000,0.600181
176300000000,0.738095
176400000000,0.715964
176500000000,0.677699
176600000000,0.738095
176700000000,0.63883
176800000000,0.739823
176900000000,0.738095
177000000000,0.561215
177100000000,0.738527
177200000000,0.738095
177300000000,0.483551
177400000000,0.738095
177500000000,0.737663
177600000000,0.460118
177700000000,0.738095
177800000000,0.738095
177900000000,0.537426
178000000000,0.738095
178100000000,0.738095
178200000000,0.615217
178300000000,0.738095
178400000000,0.70104
178500000000,0.692628
178600000000,0.737663
178700000000,0.623146
178800000000,0.739391
178900000000,0.738095
179000000000,0.545632
179100000000,0.739391
179200000000,0.738095
179300000000,0.467633
179400000000,0.739391
179500000000,0.738095
179600000000,0.47248
179700000000,0.738959
179800000000,0.738095
179900000000,0.550561
180000000000,0.738959
180100000000,0.738527
180200000000,0.628263
180300000000,0.738527
180400000000,0.687219
180500000000,0.706453
180600000000,0.738095
180700000000,0.609406
180800000000,0.739391
180900000000,0.738095
181000000000,0.531105
181100000000,0.739391
181200000000,0.738095
181300000000,0.45318
181400000000,0.738959
181500000000,0.738527
181600000000,0.490847
181700000000,0.738527
181800000000,0.738527
181900000000,0.569291
182000000000,0.738527
182100000000,0.738959
182200000000,0.647361
182300000000,0.738095
182400000000,0.667754
182500000000,0.725922
182600000000,0.738095
182700000000,0.589567
182800000000,0.738959
182900000000,0.738095
183000000000,0.510888
183100000000,0.738959
183200000000,0.738095
183300000000,0.432582
183400000000,0.738527
183500000000,0.737663
183600000000,0.68705
183700000000,0.725759
183800000000,0.512032
183900000000,0.726191
184000000000,0.702815
184100000000,0.593432
184200000000,0.702383
184300000000,0.559515
184400000000,0.680265
184500000000,0.680735
184600000000,0.51058
184700000000,0.656495
184800000000,0.618742
184900000000,0.645023
185000000000,0.634415
185100000000,0.404083
185200000000,0.610607
185300000000,0.611903
185400000000,0.612335
185500000000,0.588095
185600000000,0.432242
185700000000,0.588095
185800000000,0.56472
185900000000,0.52161
186000000000,0.565152
186100000000,0.514676
186200000000,0.554112
186300000000,0.542208
186400000000,0.404246
186500000000,0.541776
186600000000,0.532032
186700000000,0.532032
186800000000,0.5184
186900000000,0.352249
187000000000,0.519264
187100000000,0.507792
187200000000,0.50952
187300000000,0.49632
187400000000,0.44661
187500000000,0.508224
187600000000,0.506928
187700000000,0.44766
187800000000,0.506928
187900000000,0.507792
188000000000,0.509088
188100000000,0.506064
188200000000,0.375726
188300000000,0.508314
188400000000,0.506928
188500000000,0.509952
188600000000,0.507792
188700000000,0.311806
188800000000,0.509952
188900000000,0.506496
189000000000,0.510384
189100000000,0.508656
189200000000,0.384271
189300000000,0.510816
189400000000,0.505632
189500000000,0.509499
189600000000,0.50952
189700000000,0.456955
189800000000,0.511499
189900000000,0.506928
190000000000,0.436314
190100000000,0.510384
190200000000,0.5052
190300000000,0.512112
190400000000,0.509088
190500000000,0.36119
190600000000,0.511248
190700000000,0.504768
190800000000,0.512976
190900000000,0.511248
191000000000,0.325095
191100000000,0.512112
191200000000,0.506064
191300000000,0.513408
191400000000,0.511248
191500000000,0.398965
191600000000,0.512112
191700000000,0.50736
191800000000,0.492771
191900000000,0.51168
192000000000,0.473891
192100000000,0.512112
192200000000,0.508656
192300000000,0.41692
192400000000,0.51168
192500000000,0.504768
192600000000,0.512112
192700000000,0.509952
192800000000,0.340885
192900000000,0.51168
193000000000,0.504768
193100000000,0.513408
193200000000,0.51168
193300000000,0.345292
193400000000,0.512112
193500000000,0.506064
193600000000,0.513408
193700000000,0.51168
193800000000,0.420445
193900000000,0.512112
194000000000,0.507792
194100000000,0.470588
194200000000,0.512112
194300000000,0.496642
194400000000,0.512544
194500000000,0.509088
194600000000,0.393894
194700000000,0.512112
194800000000,0.504768
194900000000,0.512544
195000000000,0.510384
195100000000,0.317012
195200000000,0.512544
195300000000,0.5052
195400000000,0.513408
195500000000,0.510816
195600000000,0.369857
195700000000,0.512544
195800000000,0.506496
195900000000,0.513408
196000000000,0.510816
196100000000,0.445856
196200000000,0.512976
196300000000,0.508224
196400000000,0.444454
196500000000,0.511248
196600000000,0.504768
196700000000,0.512976
196800000000,0.50952
196900000000,0.366934
197000000000,0.511248
197100000000,0.504768
197200000000,0.513292
197300000000,0.511248
197400000000,0.321612
197500000000,0.51168
197600000000,0.505632
197700000000,0.512976
197800000000,0.511248
197900000000,0.398201
198000000000,0.51168
198100000000,0.50736
198200000000,0.492773
198300000000,0.51168
198400000000,0.475371
198500000000,0.512112
198600000000,0.508656
198700000000,0.414689
198800000000,0.51168
198900000000,0.504768
199000000000,0.512976
199100000000,0.510348
199200000000,0.336465
199300000000,0.512112
199400000000,0.504768
199500000000,0.513408
199600000000,0.51168
199700000000,0.352535
199800000000,0.512112
199900000000,0.506496
