0,0.000928
100000000,0.115152
200000000,0.116016
300000000,0.20736
400000000,0.20952
500000000,0.412992
600000000,0.307202
700000000,0.827279
800000000,0.46195
900000000,0.999999
1000000000,1.0
1100000000,0.825826
1200000000,1.0
1300000000,0.944932
1400000000,0.957651
1500000000,1.0
1600000000,0.859991
1700000000,0.999999
1800000000,1.0
1900000000,0.741347
2000000000,0.999999
2100000000,0.864914
2200000000,0.999999
2300000000,1.0
2400000000,0.751777
2500000000,1.0
2600000000,0.413135
2700000000,0.395664
2800000000,0.030432
2900000000,0.024192
3000000000,0.047136
3100000000,0.048384
3200000000,0.103248
3300000000,0.10824
3400000000,0.208992
3500000000,0.321174
3600000000,0.415488
3700000000,0.579124
3800000000,0.832223
3900000000,0.842019
4000000000,1.0
4100000000,0.651008
4200000000,0.999999
4300000000,1.0
4400000000,0.546228
4500000000,0.999999
4600000000,0.978645
4700000000,0.895469
4800000000,1.0
4900000000,0.841561
5000000000,0.999999
5100000000,1.0
5200000000,0.587401
5300000000,0.999999
5400000000,0.993243
5500000000,0.999998
5600000000,1.0
5700000000,0.807908
5800000000,1.0
5900000000,0.897451
6000000000,0.999998
6100000000,1.0
6200000000,0.832356
6300000000,1.0
6400000000,0.998701
6500000000,0.999998
6600000000,1.0
6700000000,0.665804
6800000000,1.0
6900000000,1.0
7000000000,0.977486
7100000000,1.0
7200000000,1.0
7300000000,0.999998
7400000000,1.0
7500000000,0.679437
7600000000,0.999999
7700000000,1.0
7800000000,0.897421
7900000000,1.0
8000000000,1.0
8100000000,0.999998
8200000000,1.0
8300000000,0.986501
8400000000,0.999998
8500000000,1.0
8600000000,0.741452
8700000000,0.999999
8800000000,1.0
8900000000,0.814
9000000000,1.0
9100000000,1.0
9200000000,0.980042
9300000000,1.0
9400000000,1.0
9500000000,0.999998
9600000000,1.0
9700000000,0.914171
9800000000,0.999998
9900000000,1.0
10000000000,0.76125
10100000000,0.999999
10200000000,1.0
10300000000,0.796224
10400000000,1.0
10500000000,1.0
10600000000,0.999997
10700000000,1.0
10800000000,1.0
10900000000,0.999997
11000000000,1.0
11100000000,0.94476
11200000000,0.999997
11300000000,1.0
11400000000,0.710849
11500000000,0.999998
11600000000,1.0
11700000000,0.801014
11800000000,1.0
11900000000,1.0
12000000000,0.932976
12100000000,1.0
12200000000,1.0
12300000000,0.999997
12400000000,1.0
12500000000,0.340894
12600000000,0.999997
12700000000,1.0
12800000000,0.999997
12900000000,0.837189
13000000000,0.622252
13100000000,0.999998
13200000000,0.810569
13300000000,1.0
13400000000,0.320449
13500000000,0.999997
13600000000,0.879755
13700000000,0.999997
13800000000,0.804147
13900000000,0.785354
14000000000,0.999999
14100000000,0.80474
14200000000,1.0
14300000000,0.440966
14400000000,0.999997
14500000000,1.0
14600000000,0.999997
14700000000,1.0
14800000000,0.386085
14900000000,0.999996
15000000000,0.929916
15100000000,0.999996
15200000000,0.999432
15300000000,0.536715
15400000000,0.999997
15500000000,0.803077
15600000000,0.999996
15700000000,0.89463
15800000000,0.630515
15900000000,0.999998
16000000000,0.720731
16100000000,0.999996
16200000000,0.823283
16300000000,0.702332
16400000000,0.999998
16500000000,0.648897
16600000000,0.999997
16700000000,0.76288
16800000000,0.751731
16900000000,0.999999
17000000000,0.625254
17100000000,0.999997
17200000000,0.713422
17300000000,0.801225
17400000000,0.999999
17500000000,0.674355
17600000000,0.999998
17700000000,0.663871
17800000000,0.850811
17900000000,0.999999
18000000000,0.72398
18100000000,0.999998
18200000000,0.614229
18300000000,0.900054
18400000000,0.999999
18500000000,0.773694
18600000000,0.999998
18700000000,0.57597
18800000000,0.938778
18900000000,0.999999
19000000000,0.800552
19100000000,0.999999
19200000000,0.583511
19300000000,0.965685
19400000000,0.999999
19500000000,0.794376
19600000000,0.999998
19700000000,0.624085
19800000000,0.925574
19900000000,0.999999
20000000000,0.720317
20100000000,0.999997
20200000000,0.365438
20300000000,0.851643
20400000000,0.999999
20500000000,0.999995
20600000000,0.956171
20700000000,0.620723
20800000000,0.999996
20900000000,0.730594
21000000000,0.999997
21100000000,0.446474
21200000000,0.999995
21300000000,0.999999
21400000000,0.999995
21500000000,0.999999
21600000000,0.482607
21700000000,0.999995
21800000000,0.810212
21900000000,0.999995
22000000000,0.926064
22100000000,0.690503
22200000000,0.999997
22300000000,0.681739
22400000000,0.999995
22500000000,0.888471
22600000000,0.740887
22700000000,0.999998
22800000000,0.677225
22900000000,0.999995
23000000000,0.940853
23100000000,0.700864
23200000000,0.999997
23300000000,0.751215
23400000000,0.999995
23500000000,0.999998
23600000000,0.593809
23700000000,0.999995
23800000000,0.892237
23900000000,0.999995
24000000000,0.999998
24100000000,0.419288
24200000000,0.999995
24300000000,0.999998
24400000000,0.999995
24500000000,0.999998
24600000000,0.463136
24700000000,0.999995
24800000000,0.999998
24900000000,0.840686
25000000000,0.999998
25100000000,0.637538
25200000000,0.999994
25300000000,0.999998
25400000000,0.665902
25500000000,0.999996
25600000000,0.812305
25700000000,0.876691
25800000000,0.999998
25900000000,0.608849
26000000000,0.999994
26100000000,0.986576
26200000000,0.702437
26300000000,0.999996
26400000000,0.783086
26500000000,0.999994
26600000000,0.999998
26700000000,0.527812
26800000000,0.999994
26900000000,0.991677
27000000000,0.999994
27100000000,0.999998
27200000000,0.410438
27300000000,0.999994
27400000000,0.999997
27500000000,0.860054
27600000000,0.999997
27700000000,0.686047
27800000000,0.980494
27900000000,0.999997
28000000000,0.562765
28100000000,0.999994
28200000000,0.548607
28300000000,0.689339
28400000000,0.999996
28500000000,0.943545
28600000000,0.999997
28700000000,0.291459
28800000000,0.999994
28900000000,0.933577
29000000000,0.999994
29100000000,0.892914
29200000000,0.624273
29300000000,0.999995
29400000000,0.692522
29500000000,0.999994
29600000000,0.765264
29700000000,0.776171
29800000000,0.999996
29900000000,0.65693
30000000000,0.999995
30100000000,0.782816
30200000000,0.787908
30300000000,0.999996
30400000000,0.923503
30500000000,0.999997
30600000000,0.170305
30700000000,0.999993
30800000000,0.859209
30900000000,0.999993
31000000000,0.635652
31100000000,0.908075
31200000000,0.999997
31300000000,0.999993
31400000000,0.999997
31500000000,0.563375
31600000000,0.999994
31700000000,0.672905
31800000000,0.999995
31900000000,0.492314
32000000000,0.999993
32100000000,0.999997
32200000000,0.999993
32300000000,0.999997
32400000000,0.551797
32500000000,0.999993
32600000000,0.683286
32700000000,0.999994
32800000000,0.663144
32900000000,0.929511
33000000000,0.999996
33100000000,0.915052
33200000000,0.999996
33300000000,0.342327
33400000000,0.999993
33500000000,0.953374
33600000000,0.999993
33700000000,0.979524
33800000000,0.64755
33900000000,0.999994
34000000000,0.611037
34100000000,0.999994
34200000000,0.635271
34300000000,0.991801
34400000000,0.999996
34500000000,0.954968
34600000000,0.999996
34700000000,0.354662
34800000000,0.999993
34900000000,0.902422
35000000000,0.999993
35100000000,0.928105
35200000000,0.698965
35300000000,0.999994
35400000000,0.66231
35500000000,0.999994
35600000000,0.583774
35700000000,0.999992
35800000000,0.999996
35900000000,0.995349
36000000000,0.999996
36100000000,0.372238
36200000000,0.999992
36300000000,0.919213
36400000000,0.999992
36500000000,0.966947
36600000000,0.626558
36700000000,0.999993
36800000000,0.688252
36900000000,0.999992
37000000000,0.758057
37100000000,0.835873
37200000000,0.999996
37300000000,0.708948
37400000000,0.999994
37500000000,0.663438
37600000000,0.966196
37700000000,0.999996
37800000000,0.749662
37900000000,0.999995
38000000000,0.68093
38100000000,0.950423
38200000000,0.999995
38300000000,0.643415
38400000000,0.999993
38500000000,0.890407
38600000000,0.78212
38700000000,0.999994
38800000000,0.795437
38900000000,0.999994
39000000000,0.327789
39100000000,0.980617
39200000000,0.999995
39300000000,0.999992
39400000000,0.908172
39500000000,0.535226
39600000000,0.999992
39700000000,0.667743
39800000000,0.999993
39900000000,0.565423
40000000000,0.86865
40100000000,0.999995
40200000000,0.89853
40300000000,0.999995
40400000000,0.448219
40500000000,0.999991
40600000000,0.999995
40700000000,0.999992
40800000000,0.817466
40900000000,0.52796
41000000000,0.999992
41100000000,0.775654
41200000000,0.999994
41300000000,0.386289
41400000000,0.999991
41500000000,0.641991
41600000000,0.999992
41700000000,0.472673
41800000000,0.999991
41900000000,0.953134
42000000000,0.999991
42100000000,0.817368
42200000000,0.769197
42300000000,0.999994
42400000000,0.85974
42500000000,0.999995
42600000000,0.346343
42700000000,0.999991
42800000000,0.807652
42900000000,0.999991
43000000000,0.750895
43100000000,0.847972
43200000000,0.999995
43300000000,0.89392
43400000000,0.999995
43500000000,0.335494
43600000000,0.999991
43700000000,0.852885
43800000000,0.999991
43900000000,0.818692
44000000000,0.79209
44100000000,0.999994
44200000000,0.815088
44300000000,0.999994
44400000000,0.362035
44500000000,0.999991
44600000000,0.920222
44700000000,0.999991
44800000000,0.886219
44900000000,0.724706
45000000000,0.999993
45100000000,0.747696
45200000000,0.999993
45300000000,0.429396
45400000000,0.999991
45500000000,0.987594
45600000000,0.999991
45700000000,0.953743
45800000000,0.65728
45900000000,0.999992
46000000000,0.668788
46100000000,0.999992
46200000000,0.519746
46300000000,0.999991
46400000000,0.999994
46500000000,0.999991
46600000000,0.999994
46700000000,0.533304
46800000000,0.999991
46900000000,0.68895
47000000000,0.99999
47100000000,0.746089
47200000000,0.888726
47300000000,0.999994
47400000000,0.799124
47500000000,0.999993
47600000000,0.48157
47700000000,0.99999
47800000000,0.999994
47900000000,0.99999
48000000000,0.999994
48100000000,0.306182
48200000000,0.999991
48300000000,0.95682
48400000000,0.999991
48500000000,0.999991
48600000000,0.465843
48700000000,0.999991
48800000000,0.878327
48900000000,0.999991
49000000000,0.723393
49100000000,0.53073
49200000000,0.999991
49300000000,0.914158
49400000000,0.995971
49500000000,0.414948
49600000000,0.999991
49700000000,0.723498
49800000000,0.999991
49900000000,0.32048
50000000000,0.999991
50100000000,0.949831
50200000000,0.999991
50300000000,0.796079
50400000000,0.652093
50500000000,0.999991
50600000000,0.746567
50700000000,0.999991
50800000000,0.458883
50900000000,0.999991
51000000000,0.999991
51100000000,0.999991
51200000000,0.630777
51300000000,0.717192
51400000000,0.999991
51500000000,0.999991
51600000000,0.723059
51700000000,0.773013
51800000000,0.99999
51900000000,0.99999
52000000000,0.770053
52100000000,0.738354
52200000000,0.99999
52300000000,0.99999
52400000000,0.906665
52500000000,0.602605
52600000000,0.99999
52700000000,0.847906
52800000000,0.99999
52900000000,0.377238
53000000000,0.99999
53100000000,0.6245
53200000000,0.99999
53300000000,0.400656
53400000000,0.99999
53500000000,0.91827
53600000000,0.99999
53700000000,0.716607
53800000000,0.794053
53900000000,0.99999
54000000000,0.98242
54100000000,0.99999
54200000000,0.478193
54300000000,0.99999
54400000000,0.666558
54500000000,0.99999
54600000000,0.367244
54700000000,0.99999
54800000000,0.884868
54900000000,0.99999
55000000000,0.683114
55100000000,0.827434
55200000000,0.99999
55300000000,0.99999
55400000000,0.998992
55500000000,0.511551
55600000000,0.99999
55700000000,0.700338
55800000000,0.99999
55900000000,0.333876
56000000000,0.99999
56100000000,0.851536
56200000000,0.99999
56300000000,0.649363
56400000000,0.850128
56500000000,0.99999
56600000000,0.99999
56700000000,0.987784
56800000000,0.488755
56900000000,0.99999
57000000000,0.677526
57100000000,0.99999
57200000000,0.390351
57300000000,0.999989
57400000000,0.976755
57500000000,0.999989
57600000000,0.842566
57700000000,0.646723
57800000000,0.999989
57900000000,0.745433
58000000000,0.999989
58100000000,0.414993
58200000000,0.999989
58300000000,0.999989
58400000000,0.999989
58500000000,0.999989
58600000000,0.422352
58700000000,0.999989
58800000000,0.820299
58900000000,0.999989
59000000000,0.637654
59100000000,0.626579
59200000000,0.99999
59300000000,0.999989
59400000000,0.853209
59500000000,0.624145
59600000000,0.999989
59700000000,0.944045
59800000000,0.999989
59900000000,0.454218
60000000000,0.999989
60100000000,0.673453
60200000000,0.999989
60300000000,0.383294
60400000000,0.999989
60500000000,0.999989
60600000000,0.999989
60700000000,0.9037
60800000000,0.566893
60900000000,0.999989
61000000000,0.62987
61100000000,0.999989
61200000000,0.565887
61300000000,0.896819
61400000000,0.999989
61500000000,0.999989
61600000000,0.737927
61700000000,0.629293
61800000000,0.999989
61900000000,0.999989
62000000000,0.786789
62100000000,0.71835
62200000000,0.999989
62300000000,0.999989
62400000000,0.811598
62500000000,0.706294
62600000000,0.999989
62700000000,0.975311
62800000000,0.926049
62900000000,0.592692
63000000000,0.999989
63100000000,0.827713
63200000000,0.999988
63300000000,0.411524
63400000000,0.999988
63500000000,0.624453
63600000000,0.999988
63700000000,0.375799
63800000000,0.999988
63900000000,0.861461
64000000000,0.999988
64100000000,0.65853
64200000000,0.861455
64300000000,0.999988
64400000000,0.999988
64500000000,0.952332
64600000000,0.567634
64700000000,0.999988
64800000000,0.746538
64900000000,0.999988
65000000000,0.273779
65100000000,0.999988
65200000000,0.750041
65300000000,0.999988
65400000000,0.558624
65500000000,0.961302
65600000000,0.999988
65700000000,0.999988
65800000000,0.852529
65900000000,0.667377
66000000000,0.999988
66100000000,0.846236
66200000000,0.999988
66300000000,0.373415
66400000000,0.999988
66500000000,0.650838
66600000000,0.999988
66700000000,0.459467
66800000000,0.999988
66900000000,0.967782
67000000000,0.999988
67100000000,0.775995
67200000000,0.732804
67300000000,0.999988
67400000000,0.88867
67500000000,0.999988
67600000000,0.371189
67700000000,0.999988
67800000000,0.710425
67900000000,0.999988
68000000000,0.586641
68100000000,0.922974
68200000000,0.999988
68300000000,0.999988
68400000000,0.999988
68500000000,0.403687
68600000000,0.999988
68700000000,0.75823
68800000000,0.999988
68900000000,0.759381
69000000000,0.764245
69100000000,0.999988
69200000000,0.684304
69300000000,0.999988
69400000000,0.603613
69500000000,0.967729
69600000000,0.999988
69700000000,0.999988
69800000000,0.783912
69900000000,0.516891
70000000000,0.999987
70100000000,0.882726
70200000000,0.999987
70300000000,0.391591
70400000000,0.999988
70500000000,0.644415
70600000000,0.999987
70700000000,0.366448
70800000000,0.999987
70900000000,0.985723
71000000000,0.999987
71100000000,0.86564
71200000000,0.592575
71300000000,0.999987
71400000000,0.665692
71500000000,0.999987
71600000000,0.528723
71700000000,0.930822
71800000000,0.999987
71900000000,0.947979
72000000000,0.988487
72100000000,0.674342
72200000000,0.999987
72300000000,0.910629
72400000000,0.912589
72500000000,0.762438
72600000000,0.999987
72700000000,0.931599
72800000000,0.938372
72900000000,0.738357
73000000000,0.999987
73100000000,0.850998
73200000000,0.999987
73300000000,0.623743
73400000000,0.999987
73500000000,0.702376
73600000000,0.999987
73700000000,0.441108
73800000000,0.999987
73900000000,0.545276
74000000000,0.999987
74100000000,0.516685
74200000000,0.999987
74300000000,0.818015
74400000000,0.999987
74500000000,0.78945
74600000000,0.90036
74700000000,0.999987
74800000000,0.91181
74900000000,0.999987
75000000000,0.594386
75100000000,0.999987
75200000000,0.616848
75300000000,0.999987
75400000000,0.397904
75500000000,0.999987
75600000000,0.721841
75700000000,0.999987
75800000000,0.692721
75900000000,0.985748
76000000000,0.999987
76100000000,0.999987
76200000000,0.987577
76300000000,0.690633
76400000000,0.999987
76500000000,0.713011
76600000000,0.999987
76700000000,0.395454
76800000000,0.999987
76900000000,0.625779
77000000000,0.999986
77100000000,0.596951
77200000000,0.999986
77300000000,0.943966
77400000000,0.999986
77500000000,0.914734
77600000000,0.752331
77700000000,0.999986
77800000000,0.752108
77900000000,0.999986
78000000000,0.389421
78100000000,0.999986
78200000000,0.689173
78300000000,0.999986
78400000000,0.727971
78500000000,0.939885
78600000000,0.999986
78700000000,0.872494
78800000000,0.999986
78900000000,0.419683
79000000000,0.999986
79100000000,0.739648
79200000000,0.999986
79300000000,0.902976
79400000000,0.778865
79500000000,0.999986
79600000000,0.541917
79700000000,0.999986
79800000000,0.749031
79900000000,0.957441
80000000000,0.999986
80100000000,0.630838
80200000000,0.999986
80300000000,0.762925
80400000000,0.933758
80500000000,0.999986
80600000000,0.494555
80700000000,0.999986
80800000000,0.796825
80900000000,0.767423
81000000000,0.999986
81100000000,0.890751
81200000000,0.999986
81300000000,0.442717
81400000000,0.999986
81500000000,0.627432
81600000000,0.999986
81700000000,0.569005
81800000000,0.94761
81900000000,0.999986
82000000000,0.938705
82100000000,0.999986
82200000000,0.291428
82300000000,0.999986
82400000000,0.995474
82500000000,0.999986
82600000000,0.999986
82700000000,0.414423
82800000000,0.999986
82900000000,0.967102
83000000000,0.999986
83100000000,0.386544
83200000000,0.877223
83300000000,0.999986
83400000000,0.999986
83500000000,0.613286
83600000000,0.749962
83700000000,0.999986
83800000000,0.999986
83900000000,0.854433
84000000000,0.521102
84100000000,0.999986
84200000000,0.816747
84300000000,0.999986
84400000000,0.202113
84500000000,0.999986
84600000000,0.847686
84700000000,0.999986
84800000000,0.603194
84900000000,0.774401
85000000000,0.999986
85100000000,0.990971
85200000000,0.999985
85300000000,0.297658
85400000000,0.999986
85500000000,0.832445
85600000000,0.999985
85700000000,0.620711
85800000000,0.773788
85900000000,0.999985
86000000000,0.999966
86100000000,0.939843
86200000000,0.642904
86300000000,0.999985
86400000000,0.967802
86500000000,0.999985
86600000000,0.424575
86700000000,0.999986
86800000000,0.729598
86900000000,0.999985
87000000000,0.394344
87100000000,0.999985
87200000000,0.999985
87300000000,0.999985
87400000000,0.737258
87500000000,0.732906
87600000000,0.999985
87700000000,0.968083
87800000000,0.999985
87900000000,0.301094
88000000000,0.999985
88100000000,0.839187
88200000000,0.999985
88300000000,0.609711
88400000000,0.805142
88500000000,0.999985
88600000000,0.994788
88700000000,0.999985
88800000000,0.282229
88900000000,0.999985
89000000000,0.847445
89100000000,0.999985
89200000000,0.468046
89300000000,0.747235
89400000000,0.999985
89500000000,0.999985
89600000000,0.642332
89700000000,0.997772
89800000000,0.832799
89900000000,0.999985
90000000000,0.558504
90100000000,0.999985
90200000000,0.828028
90300000000,0.999985
90400000000,0.655723
90500000000,0.999211
90600000000,0.991969
90700000000,0.999985
90800000000,0.87577
90900000000,0.768935
91000000000,0.999985
91100000000,0.831859
91200000000,0.999985
91300000000,0.426003
91400000000,0.999985
91500000000,0.675977
91600000000,0.999985
91700000000,0.660796
91800000000,0.96329
91900000000,0.999985
92000000000,0.958155
92100000000,0.999985
92200000000,0.462136
92300000000,0.999985
92400000000,0.686164
92500000000,0.999985
92600000000,0.726866
92700000000,0.897694
92800000000,0.999985
92900000000,0.848304
93000000000,0.999985
93100000000,0.329656
93200000000,0.999985
93300000000,0.83055
93400000000,0.999985
93500000000,0.871348
93600000000,0.742053
93700000000,0.999985
93800000000,0.692566
93900000000,0.999985
94000000000,0.458568
94100000000,0.999985
94200000000,0.98641
94300000000,0.999984
94400000000,0.999984
94500000000,0.585973
94600000000,0.999985
94700000000,0.573802
94800000000,0.999984
94900000000,0.614749
95000000000,0.99847
95100000000,0.999985
95200000000,0.9484
95300000000,0.999984
95400000000,0.429445
95500000000,0.999984
95600000000,0.753274
95700000000,0.999984
95800000000,0.82874
95900000000,0.819202
96000000000,0.999984
96100000000,0.724004
96200000000,0.999984
96300000000,0.495964
96400000000,0.999984
96500000000,0.999984
96600000000,0.999984
96700000000,0.999984
96800000000,0.45937
96900000000,0.999984
97000000000,0.814263
97100000000,0.999984
97200000000,0.999984
97300000000,0.645728
97400000000,0.999984
97500000000,0.707778
97600000000,0.999984
97700000000,0.999984
97800000000,0.663765
97900000000,0.999984
98000000000,0.781517
98100000000,0.999984
98200000000,0.999984
98300000000,0.541365
98400000000,0.999984
98500000000,0.727484
98600000000,0.999984
98700000000,0.342864
98800000000,0.999984
98900000000,0.714531
99000000000,0.999984
99100000000,0.649053
99200000000,0.967928
99300000000,0.999984
99400000000,0.967353
99500000000,0.999984
99600000000,0.386775
99700000000,0.999984
99800000000,0.876685
99900000000,0.999984
100000000000,0.999984
100100000000,0.5949
100200000000,0.999984
100300000000,0.737392
100400000000,0.999984
100500000000,0.942227
100600000000,0.709452
100700000000,0.999984
100800000000,0.818466
100900000000,0.999984
101000000000,0.180642
101100000000,0.999984
101200000000,0.742115
101300000000,0.999984
101400000000,0.356667
101500000000,0.999984
101600000000,0.896912
101700000000,0.999984
101800000000,0.579477
101900000000,0.842596
102000000000,0.999984
102100000000,0.999984
102200000000,0.914968
102300000000,0.530841
102400000000,0.999984
102500000000,0.731105
102600000000,0.999984
102700000000,0.348182
102800000000,0.999984
102900000000,0.988006
103000000000,0.999984
103100000000,0.841075
103200000000,0.640296
103300000000,0.999984
103400000000,0.761878
103500000000,0.999984
103600000000,0.37477
103700000000,0.999984
103800000000,0.999984
103900000000,0.999984
104000000000,0.900902
104100000000,0.569134
104200000000,0.999984
104300000000,0.701646
104400000000,0.999984
104500000000,0.446043
104600000000,0.999984
104700000000,0.999983
104800000000,0.999983
104900000000,0.972151
105000000000,0.497437
105100000000,0.999984
105200000000,0.664509
105300000000,0.999983
105400000000,0.517851
105500000000,0.95209
105600000000,0.999984
105700000000,0.999984
105800000000,0.999983
105900000000,0.425199
106000000000,0.999983
106100000000,0.737612
106200000000,0.999983
106300000000,0.601242
106400000000,0.868538
106500000000,0.999983
106600000000,0.966786
106700000000,0.999983
106800000000,0.307818
106900000000,0.999983
107000000000,0.888978
107100000000,0.999983
107200000000,0.810517
107300000000,0.671868
107400000000,0.999983
107500000000,0.690988
107600000000,0.999983
107700000000,0.548913
107800000000,0.956764
107900000000,0.999983
108000000000,0.897677
108100000000,0.999983
108200000000,0.170952
108300000000,0.999983
108400000000,0.702022
108500000000,0.999983
108600000000,0.33655
108700000000,0.999983
108800000000,0.752077
108900000000,0.999983
109000000000,0.528388
109100000000,0.994166
109200000000,0.999983
109300000000,0.999983
109400000000,0.866472
109500000000,0.668771
109600000000,0.999983
109700000000,0.756647
109800000000,0.999983
109900000000,0.381305
110000000000,0.999983
110100000000,0.975007
110200000000,0.999983
110300000000,0.999983
110400000000,0.560618
110500000000,0.999983
110600000000,0.669302
110700000000,0.999983
110800000000,0.762757
110900000000,0.810538
111000000000,0.999983
111100000000,0.684566
111200000000,0.999983
111300000000,0.591915
111400000000,0.982157
111500000000,0.999983
111600000000,0.810658
111700000000,0.999983
111800000000,0.4892
111900000000,0.999983
112000000000,0.999983
112100000000,0.903035
112200000000,0.999983
112300000000,0.385783
112400000000,0.999983
112500000000,0.999983
112600000000,0.995249
112700000000,0.999983
112800000000,0.300122
112900000000,0.999983
113000000000,0.998201
113100000000,0.999983
113200000000,0.999983
113300000000,0.39208
113400000000,0.999983
113500000000,0.906244
113600000000,0.999983
113700000000,0.999983
113800000000,0.483871
113900000000,0.999983
114000000000,0.814454
114100000000,0.999983
114200000000,0.998898
114300000000,0.575495
114400000000,0.999983
114500000000,0.734303
114600000000,0.999983
114700000000,0.930295
114800000000,0.644005
114900000000,0.999983
115000000000,0.688737
115100000000,0.999983
115200000000,0.872469
115300000000,0.721464
115400000000,0.999983
115500000000,0.903934
115600000000,0.999983
115700000000,0.231511
115800000000,0.999983
115900000000,0.667456
116000000000,0.999983
116100000000,0.400889
116200000000,0.999982
116300000000,0.951794
116400000000,0.999983
116500000000,0.797849
116600000000,0.670491
116700000000,0.999983
116800000000,0.766386
116900000000,0.999983
117000000000,0.371143
117100000000,0.999983
117200000000,0.999982
117300000000,0.999983
117400000000,0.999982
117500000000,0.421998
117600000000,0.999982
117700000000,0.8207
117800000000,0.999983
117900000000,0.5713
118000000000,0.652096
118100000000,0.999983
118200000000,0.999973
118300000000,0.785689
118400000000,0.699661
118500000000,0.999982
118600000000,0.999982
118700000000,0.81092
118800000000,0.686248
118900000000,0.999983
119000000000,0.985665
119100000000,0.937386
119200000000,0.560558
119300000000,0.999983
119400000000,0.803847
119500000000,0.999982
119600000000,0.333193
119700000000,0.999982
119800000000,0.668164
119900000000,0.999982
120000000000,0.445965
120100000000,0.999982
120200000000,0.986599
120300000000,0.999982
120400000000,0.774643
120500000000,0.679297
120600000000,0.999982
120700000000,0.887971
120800000000,0.999982
120900000000,0.316378
121000000000,0.999982
121100000000,0.731733
121200000000,0.999982
121300000000,0.519479
121400000000,0.923229
121500000000,0.999982
121600000000,0.999982
121700000000,0.893671
121800000000,0.54894
121900000000,0.999982
122000000000,0.74637
122100000000,0.999982
122200000000,0.287055
122300000000,0.999982
122400000000,0.87406
122500000000,0.999982
122600000000,0.661579
122700000000,0.780836
122800000000,0.999982
122900000000,0.978128
123000000000,0.999982
123100000000,0.405613
123200000000,0.999982
123300000000,0.653973
123400000000,0.999982
123500000000,0.44163
123600000000,0.328583
123700000000,0.999988
123800000000,1.0
123900000000,0.616666
124000000000,0.955365
124100000000,0.610853
124200000000,1.0
124300000000,0.387218
124400000000,1.0
124500000000,0.670144
124600000000,1.0
124700000000,0.570806
124800000000,1.0
124900000000,0.774884
125000000000,1.0
125100000000,0.630421
125200000000,1.0
125300000000,0.767291
125400000000,1.0
125500000000,0.555459
125600000000,1.0
125700000000,0.658373
125800000000,1.0
125900000000,0.40155
126000000000,1.0
126100000000,0.554115
126200000000,1.0
126300000000,0.501189
126400000000,1.0
126500000000,0.7755
126600000000,1.0
126700000000,0.768433
126800000000,0.939834
126900000000,1.0
127000000000,0.918802
127100000000,1.0
127200000000,0.651035
127300000000,1.0
127400000000,0.596479
127500000000,1.0
127600000000,0.410931
127700000000,1.0
127800000000,0.671947
127900000000,1.0
128000000000,0.722587
128100000000,1.0
128200000000,0.983141
128300000000,0.955082
128400000000,1.0
128500000000,0.698015
128600000000,1.0
128700000000,0.643973
128800000000,1.0
128900000000,0.386935
129000000000,1.0
129100000000,0.624365
129200000000,1.0
129300000000,0.674925
129400000000,1.0
129500000000,0.93539
129600000000,1.0
129700000000,0.985924
129800000000,0.745932
129900000000,1.0
130000000000,0.680496
130100000000,1.0
130200000000,0.412502
130300000000,1.0
130400000000,0.632783
130500000000,1.0
130600000000,0.76357
130700000000,1.0
130800000000,1.0
130900000000,0.859661
131000000000,1.0
131100000000,0.580249
131200000000,1.0
131300000000,0.544478
131400000000,1.0
131500000000,0.777597
131600000000,1.0
131700000000,1.0
131800000000,0.757852
131900000000,1.0
132000000000,0.445884
132100000000,1.0
132200000000,0.919834
132300000000,0.988962
132400000000,1.0
132500000000,0.473472
132600000000,1.0
132700000000,0.881129
132800000000,1.0
132900000000,1.0
133000000000,0.423912
133100000000,1.0
133200000000,0.999953
133300000000,0.855425
133400000000,1.0
133500000000,0.24903
133600000000,1.0
133700000000,0.791347
133800000000,1.0
133900000000,0.364765
134000000000,0.964447
134100000000,0.668207
134200000000,0.963646
134300000000,0.398692
134400000000,0.991262
134500000000,0.68854
134600000000,0.978655
134700000000,0.741103
134800000000,0.941885
134900000000,0.985944
135000000000,0.704628
135100000000,1.0
135200000000,0.712864
135300000000,1.0
135400000000,0.509143
135500000000,1.0
135600000000,0.562816
135700000000,1.0
135800000000,0.381158
135900000000,1.0
136000000000,0.480683
136100000000,1.0
136200000000,0.398246
136300000000,1.0
136400000000,0.553104
136500000000,1.0
136600000000,0.447741
136700000000,1.0
136800000000,0.602614
136900000000,1.0
137000000000,0.4977
137100000000,1.0
137200000000,0.652587
137300000000,1.0
137400000000,0.54769
137500000000,1.0
137600000000,0.702592
137700000000,1.0
137800000000,0.597279
137900000000,1.0
138000000000,0.752371
138100000000,1.0
138200000000,0.647329
138300000000,1.0
138400000000,0.802258
138500000000,0.979662
138600000000,0.697408
138700000000,1.0
138800000000,0.85235
138900000000,0.941043
139000000000,0.747515
139100000000,1.0
139200000000,0.890997
139300000000,0.902828
139400000000,0.786354
139500000000,1.0
139600000000,0.907591
139700000000,0.908747
139800000000,0.768799
139900000000,1.0
140000000000,0.890226
140100000000,0.949056
140200000000,0.706425
140300000000,1.0
140400000000,0.816391
140500000000,1.0
140600000000,0.587579
140700000000,1.0
140800000000,0.641493
140900000000,1.0
141000000000,0.35663
141100000000,1.0
141200000000,0.656066
141300000000,1.0
141400000000,0.698825
141500000000,0.993705
141600000000,1.0
141700000000,0.890058
141800000000,1.0
141900000000,0.458676
142000000000,1.0
142100000000,0.737057
142200000000,1.0
142300000000,0.994389
142400000000,0.724568
142500000000,1.0
142600000000,0.596926
142700000000,1.0
142800000000,0.97871
142900000000,0.781876
143000000000,1.0
143100000000,0.660067
143200000000,1.0
143300000000,0.385523
143400000000,1.0
143500000000,0.840135
143600000000,1.0
143700000000,0.663055
143800000000,0.868752
143900000000,1.0
144000000000,0.977488
144100000000,1.0
144200000000,0.401361
144300000000,1.0
144400000000,0.808439
144500000000,1.0
144600000000,0.869232
144700000000,0.742452
144800000000,1.0
144900000000,0.94616
145000000000,0.942298
145100000000,0.415202
145200000000,1.0
145300000000,0.887313
145400000000,0.990529
145500000000,0.454157
145600000000,1.0
145700000000,0.859161
145800000000,1.0
145900000000,0.392035
146000000000,1.0
146100000000,0.74098
146200000000,1.0
146300000000,0.2366
146400000000,1.0
146500000000,0.800008
146600000000,1.0
146700000000,0.480099
146800000000,0.955727
146900000000,1.0
147000000000,1.0
147100000000,0.789829
147200000000,0.634963
147300000000,1.0
147400000000,0.927423
147500000000,1.0
147600000000,0.30048
147700000000,0.975865
147800000000,0.727202
147900000000,0.957361
148000000000,0.727806
148100000000,0.967536
148200000000,1.0
148300000000,0.615521
148400000000,1.0
148500000000,0.681757
148600000000,1.0
148700000000,0.397379
148800000000,1.0
148900000000,0.530143
149000000000,1.0
149100000000,0.415624
149200000000,1.0
149300000000,0.569598
149400000000,1.0
149500000000,0.432135
149600000000,1.0
149700000000,0.552558
149800000000,1.0
149900000000,0.369668
150000000000,1.0
150100000000,0.494281
150200000000,1.0
150300000000,0.379282
150400000000,1.0
150500000000,0.589896
150600000000,1.0
150700000000,0.498273
150800000000,1.0
150900000000,0.708455
151000000000,1.0
151100000000,0.639344
151200000000,1.0
151300000000,0.849527
151400000000,1.0
151500000000,0.791889
151600000000,0.854747
151700000000,1.0
151800000000,0.907631
151900000000,0.944005
152000000000,0.702629
152100000000,1.0
152200000000,0.755512
152300000000,1.0
152400000000,0.550507
152500000000,1.0
152600000000,0.603387
152700000000,1.0
152800000000,0.398379
152900000000,1.0
153000000000,0.477019
153100000000,1.0
153200000000,0.442335
153300000000,1.0
153400000000,0.663571
153500000000,1.0
153600000000,0.639929
153700000000,1.0
153800000000,0.87221
153900000000,1.0
154000000000,0.89446
154100000000,0.832462
154200000000,1.0
154300000000,0.795279
154400000000,1.0
154500000000,0.533757
154600000000,1.0
154700000000,0.511996
154800000000,1.0
154900000000,0.59032
155000000000,1.0
155100000000,0.981065
155200000000,1.0
155300000000,1.0
155400000000,0.614039
155500000000,1.0
155600000000,0.603795
155700000000,1.0
155800000000,0.816772
155900000000,0.936095
156000000000,1.0
156100000000,0.684833
156200000000,1.0
156300000000,0.687588
156400000000,1.0
156500000000,1.0
156600000000,0.726087
156700000000,1.0
156800000000,0.222837
156900000000,1.0
157000000000,0.899648
157100000000,1.0
157200000000,0.437322
157300000000,0.941759
157400000000,0.644144
157500000000,0.944538
157600000000,0.297792
157700000000,0.980693
157800000000,0.561119
157900000000,0.99643
158000000000,0.294212
158100000000,0.989737
158200000000,0.636128
158300000000,0.996015
158400000000,0.425296
158500000000,0.924011
158600000000,0.823285
158700000000,1.0
158800000000,0.679997
158900000000,0.659122
159000000000,1.0
159100000000,0.758481
159200000000,1.0
159300000000,0.315203
159400000000,1.0
159500000000,0.497422
159600000000,1.0
159700000000,0.444594
159800000000,0.885148
159900000000,0.908901
160000000000,0.916949
160100000000,0.867597
160200000000,0.439659
160300000000,1.0
160400000000,0.46084
160500000000,1.0
160600000000,0.342715
160700000000,0.953487
160800000000,0.840996
160900000000,0.962752
161000000000,0.822228
161100000000,0.485431
161200000000,1.0
161300000000,0.495114
161400000000,1.0
161500000000,0.308874
161600000000,0.999201
161700000000,0.795284
161800000000,1.0
161900000000,0.776542
162000000000,0.531084
162100000000,1.0
162200000000,0.540739
162300000000,1.0
162400000000,0.274722
162500000000,1.0
162600000000,0.772639
162700000000,1.0
162800000000,0.776439
162900000000,0.554096
163000000000,1.0
163100000000,0.54121
163200000000,1.0
163300000000,0.331182
163400000000,1.0
163500000000,0.839745
163600000000,0.975824
163700000000,0.900504
163800000000,0.464841
163900000000,1.0
164000000000,0.462079
164100000000,1.0
164200000000,0.579783
164300000000,0.808917
164400000000,1.0
164500000000,0.68342
164600000000,1.0
164700000000,0.348718
164800000000,1.0
164900000000,0.969905
165000000000,0.858812
165100000000,1.0
165200000000,0.239763
165300000000,1.0
165400000000,0.657331
165500000000,1.0
165600000000,0.216227
165700000000,1.0
165800000000,0.596409
165900000000,1.0
166000000000,0.370776
166100000000,0.954317
166200000000,0.920047
166300000000,1.0
166400000000,0.773008
166500000000,0.542318
166600000000,1.0
166700000000,0.631355
166800000000,1.0
166900000000,0.362914
167000000000,0.988098
167100000000,1.0
167200000000,1.0
167300000000,0.450802
167400000000,0.842728
167500000000,0.801636
167600000000,0.975278
167700000000,0.328546
167800000000,0.982358
167900000000,0.708457
168000000000,0.979232
168100000000,0.257333
168200000000,1.0
168300000000,0.693333
168400000000,1.0
168500000000,0.298722
168600000000,0.991349
168700000000,0.768732
168800000000,1.0
168900000000,0.419163
169000000000,0.894257
169100000000,0.911281
169200000000,1.0
169300000000,0.572338
169400000000,0.718542
169500000000,1.0
169600000000,1.0
169700000000,0.770584
169800000000,0.497755
169900000000,1.0
170000000000,0.832147
170100000000,0.991392
170200000000,0.276917
170300000000,1.0
170400000000,0.61129
170500000000,1.0
170600000000,0.231259
170700000000,1.0
170800000000,0.8038
170900000000,1.0
171000000000,0.452168
171100000000,0.81608
171200000000,1.0
171300000000,1.0
171400000000,0.673563
171500000000,0.594783
171600000000,1.0
171700000000,0.929396
171800000000,0.894579
171900000000,0.373605
172000000000,1.0
172100000000,0.707894
172200000000,1.0
172300000000,0.152502
172400000000,1.0
172500000000,0.71837
172600000000,1.0
172700000000,0.366824
172800000000,0.878781
172900000000,0.973947
173000000000,1.0
173100000000,0.656407
173200000000,0.612539
173300000000,1.0
173400000000,0.890264
173500000000,1.0
173600000000,0.301214
173700000000,1.0
173800000000,0.649533
173900000000,1.0
174000000000,0.457801
174100000000,0.86973
174200000000,1.0
174300000000,1.0
174400000000,1.0
174500000000,0.388086
174600000000,1.0
174700000000,0.847135
174800000000,1.0
174900000000,0.218586
175000000000,0.973319
175100000000,0.652955
175200000000,1.0
175300000000,0.335172
175400000000,1.0
175500000000,0.656524
175600000000,1.0
175700000000,0.259698
175800000000,1.0
175900000000,0.597549
176000000000,1.0
176100000000,0.376255
176200000000,1.0
176300000000,0.888032
176400000000,1.0
176500000000,0.734734
176600000000,0.673722
176700000000,1.0
176800000000,0.781343
176900000000,1.0
177000000000,0.223554
177100000000,1.0
177200000000,0.859875
177300000000,1.0
177400000000,0.772445
177500000000,0.634713
177600000000,1.0
177700000000,1.0
177800000000,0.815344
177900000000,0.501804
178000000000,0.980419
178100000000,0.94553
178200000000,0.718712
178300000000,0.696302
178400000000,1.0
178500000000,1.0
178600000000,0.60392
178700000000,0.811682
178800000000,0.934354
178900000000,1.0
179000000000,0.590713
179100000000,0.848658
179200000000,0.931794
179300000000,1.0
179400000000,0.656582
179500000000,0.806125
179600000000,1.0
179700000000,1.0
179800000000,0.743739
179900000000,0.696416
180000000000,1.0
180100000000,0.960335
180200000000,0.875991
180300000000,0.541609
180400000000,1.0
180500000000,0.816538
180600000000,1.0
180700000000,0.386727
180800000000,1.0
180900000000,0.661625
181000000000,1.0
181100000000,0.231769
181200000000,1.0
181300000000,0.648
181400000000,1.0
181500000000,0.359742
181600000000,1.0
181700000000,0.803035
181800000000,1.0
181900000000,0.514809
182000000000,0.902615
182100000000,0.958148
182200000000,1.0
182300000000,0.669955
182400000000,0.747423
182500000000,1.0
182600000000,1.0
182700000000,0.825199
182800000000,0.592152
182900000000,1.0
183000000000,0.855415
183100000000,0.991957
183200000000,0.403248
183300000000,1.0
183400000000,0.666045
183500000000,1.0
183600000000,0.319059
183700000000,1.0
183800000000,0.949508
183900000000,1.0
184000000000,0.7484
184100000000,0.638563
184200000000,1.0
184300000000,0.790602
184400000000,1.0
184500000000,0.25273
184600000000,1.0
184700000000,0.950186
184800000000,1.0
184900000000,0.873906
185000000000,0.52679
185100000000,1.0
185200000000,0.634481
185300000000,1.0
185400000000,0.672022
185500000000,0.752965
185600000000,1.0
185700000000,0.657909
185800000000,1.0
185900000000,0.35231
186000000000,0.874455
186100000000,1.0
186200000000,1.0
186300000000,0.643481
186400000000,0.801671
186500000000,1.0
186600000000,1.0
186700000000,0.892606
186800000000,0.553389
186900000000,1.0
187000000000,0.725028
187100000000,1.0
187200000000,0.340829
187300000000,1.0
187400000000,0.999999
187500000000,1.0
187600000000,0.939459
187700000000,0.487569
187800000000,1.0
187900000000,0.696227
188000000000,1.0
188100000000,0.6908
188200000000,0.732754
188300000000,1.0
188400000000,1.0
188500000000,0.895778
188600000000,0.384766
188700000000,0.989554
188800000000,0.724034
188900000000,0.999999
189000000000,0.385333
189100000000,0.999999
189200000000,0.667698
189300000000,0.999999
189400000000,0.29548
189500000000,0.999999
189600000000,0.623605
189700000000,0.999999
189800000000,0.407696
189900000000,0.999999
190000000000,0.860375
190100000000,0.999999
190200000000,0.666952
190300000000,0.804291
190400000000,0.999999
190500000000,0.974604
190600000000,0.993685
190700000000,0.478458
190800000000,0.999999
190900000000,0.637325
191000000000,0.999999
191100000000,0.372487
191200000000,0.999999
191300000000,0.880695
191400000000,0.999999
191500000000,0.743693
191600000000,0.740426
191700000000,0.999999
191800000000,0.865357
191900000000,0.999999
192000000000,0.369311
192100000000,0.999999
192200000000,0.64113
192300000000,0.999999
192400000000,0.50408
192500000000,0.979675
192600000000,0.999998
192700000000,0.999999
192800000000,0.875118
192900000000,0.608669
193000000000,0.999999
193100000000,0.734103
193200000000,0.999999
193300000000,0.26468
193400000000,0.999999
193500000000,0.772623
193600000000,0.999999
193700000000,0.646653
193800000000,0.837197
193900000000,0.999999
194000000000,0.962241
194100000000,0.999999
194200000000,0.477819
194300000000,0.999999
194400000000,0.589989
194500000000,0.999999
194600000000,0.487239
194700000000,0.999999
194800000000,0.994332
194900000000,0.999998
195000000000,0.960822
195100000000,0.572702
195200000000,0.999998
195300000000,0.588845
195400000000,0.999998
195500000000,0.554447
195600000000,0.943154
195700000000,0.999999
195800000000,0.887768
195900000000,0.999999
196000000000,0.336798
196100000000,0.999998
196200000000,0.925594
196300000000,0.999998
196400000000,0.999999
196500000000,0.495678
196600000000,0.999998
196700000000,0.871047
196800000000,0.999998
196900000000,0.999999
197000000000,0.600869
197100000000,0.999998
197200000000,0.904894
197300000000,0.999999
197400000000,0.708334
197500000000,0.808386
197600000000,0.999998
197700000000,0.880148
197800000000,0.999998
197900000000,0.437965
198000000000,0.999998
198100000000,0.673986
198200000000,0.999998
198300000000,0.75158
198400000000,0.835362
198500000000,0.999998
198600000000,0.693516
198700000000,0.999998
198800000000,0.5704
198900000000,0.999998
199000000000,0.999998
199100000000,0.775379
199200000000,0.999998
199300000000,0.579879
199400000000,0.999461
199500000000,0.999998
199600000000,0.750823
199700000000,0.999998
199800000000,0.436148
199900000000,0.999998
