0,0.000928
100000000,0.115152
200000000,0.116016
300000000,0.161472
400000000,0.163632
500000000,0.240912
600000000,0.207609
700000000,0.37944
800000000,0.45702
900000000,0.552816
1000000000,0.719252
1100000000,0.829439
1200000000,0.942232
1300000000,1.0
1400000000,0.755752
1500000000,1.0
1600000000,0.956195
1700000000,0.942861
1800000000,1.0
1900000000,0.831268
2000000000,0.999999
2100000000,0.993431
2200000000,0.893018
2300000000,1.0
2400000000,0.516192
2500000000,0.999999
2600000000,1.0
2700000000,0.612975
2800000000,0.614095
2900000000,0.87523
3000000000,0.847033
3100000000,0.999999
3200000000,1.0
3300000000,0.571827
3400000000,0.712991
3500000000,0.724895
3600000000,0.726191
3700000000,0.724463
3800000000,0.489608
3900000000,0.746975
4000000000,0.593036
4100000000,0.748271
4200000000,0.770783
4300000000,0.74939
4400000000,0.770783
4500000000,0.501096
4600000000,0.793295
4700000000,0.628669
4800000000,0.794159
4900000000,0.816671
5000000000,0.766929
5100000000,0.815807
5200000000,0.53669
5300000000,0.838751
5400000000,0.570179
5500000000,0.839615
5600000000,0.778519
5700000000,0.863855
5800000000,0.862127
5900000000,0.730896
6000000000,0.884639
6100000000,0.567957
6200000000,0.884207
6300000000,0.494967
6400000000,0.908015
6500000000,0.635778
6600000000,0.909311
6700000000,0.77673
6800000000,0.932687
6900000000,0.894646
7000000000,0.868867
7100000000,0.939902
7200000000,0.773315
7300000000,0.953039
7400000000,0.677855
7500000000,0.976415
7600000000,0.604764
7700000000,0.976232
7800000000,0.531335
7900000000,0.9742
8000000000,0.480707
8100000000,0.97463
8200000000,0.472244
8300000000,0.999998
8400000000,0.500741
8500000000,0.994006
8600000000,0.529382
8700000000,0.999998
8800000000,0.534984
8900000000,0.999998
9000000000,0.541163
9100000000,0.999998
9200000000,0.524735
9300000000,0.999998
9400000000,0.508451
9500000000,0.999998
9600000000,0.469129
9700000000,0.999998
9800000000,0.473904
9900000000,0.999998
10000000000,0.535587
10100000000,0.999997
10200000000,0.597246
10300000000,0.999997
10400000000,0.681078
10500000000,0.999997
10600000000,0.765319
10700000000,0.999997
10800000000,0.871926
10900000000,0.999997
11000000000,0.97863
11100000000,0.908481
11200000000,1.0
11300000000,0.779306
11400000000,1.0
11500000000,0.651143
11600000000,0.999999
11700000000,0.499506
11800000000,0.999997
11900000000,0.558173
12000000000,0.999997
12100000000,0.732168
12200000000,0.999997
12300000000,0.906261
12400000000,0.982248
12500000000,1.0
12600000000,0.785684
12700000000,1.0
12800000000,0.5897
12900000000,0.999998
13000000000,0.536772
13100000000,0.999997
13200000000,0.755793
13300000000,0.999997
13400000000,0.996745
13500000000,0.892154
13600000000,1.0
13700000000,0.651276
13800000000,0.999998
13900000000,0.521084
14000000000,0.999997
14100000000,0.784601
14200000000,0.999997
14300000000,1.0
14400000000,0.819346
14500000000,1.0
14600000000,0.533508
14700000000,0.999997
14800000000,0.684677
14900000000,0.999996
15000000000,0.993555
15100000000,0.897741
15200000000,1.0
15300000000,0.56639
15400000000,0.999997
15500000000,0.674713
15600000000,0.999996
15700000000,1.0
15800000000,0.863228
15900000000,1.0
16000000000,0.509996
16100000000,0.999996
16200000000,0.776971
16300000000,0.999996
16400000000,1.0
16500000000,0.739437
16600000000,0.999998
16700000000,0.570457
16800000000,0.999996
16900000000,0.969197
17000000000,0.923514
17100000000,1.0
17200000000,0.502732
17300000000,0.999996
17400000000,0.830081
17500000000,0.999996
17600000000,0.999999
17700000000,0.619409
17800000000,0.999997
17900000000,0.736331
18000000000,0.999996
18100000000,0.999999
18200000000,0.691583
18300000000,0.999998
18400000000,0.687083
18500000000,0.999996
18600000000,0.999999
18700000000,0.718822
18800000000,0.999998
18900000000,0.682771
19000000000,0.999996
19100000000,0.999999
19200000000,0.701124
19300000000,0.999997
19400000000,0.723395
19500000000,0.999996
19600000000,0.999999
19700000000,0.638488
19800000000,0.999997
19900000000,0.809389
20000000000,0.999995
20100000000,0.999999
20200000000,0.530482
20300000000,0.999996
20400000000,0.93989
20500000000,0.956463
20600000000,0.999999
20700000000,0.536843
20800000000,0.999995
20900000000,0.999999
21000000000,0.781478
21100000000,0.999998
21200000000,0.734754
21300000000,0.999995
21400000000,0.999999
21500000000,0.561225
21600000000,0.999996
21700000000,0.978039
21800000000,0.919101
21900000000,0.999999
22000000000,0.620047
22100000000,0.999995
22200000000,0.999999
22300000000,0.631759
22400000000,0.999996
22500000000,0.930315
22600000000,0.967423
22700000000,0.999998
22800000000,0.617586
22900000000,0.999995
23000000000,0.999998
23100000000,0.612662
23200000000,0.999996
23300000000,0.995273
23400000000,0.903224
23500000000,0.999998
23600000000,0.7047
23700000000,0.999995
23800000000,0.999998
23900000000,0.481041
24000000000,0.999995
24100000000,0.999998
24200000000,0.749283
24300000000,0.999997
24400000000,0.904501
24500000000,0.994895
24600000000,0.999998
24700000000,0.658879
24800000000,0.999994
24900000000,0.999998
25000000000,0.482379
25100000000,0.999994
25200000000,0.999998
25300000000,0.706101
25400000000,0.999996
25500000000,0.993533
25600000000,0.906759
25700000000,0.999998
25800000000,0.792864
25900000000,0.999994
26000000000,0.999998
26100000000,0.614985
26200000000,0.999994
26300000000,0.999998
26400000000,0.483101
26500000000,0.999994
26600000000,0.999998
26700000000,0.638802
26800000000,0.999995
26900000000,0.999998
27000000000,0.794658
27100000000,0.999997
27200000000,0.973748
27300000000,0.927879
27400000000,0.999997
27500000000,0.840517
27600000000,0.999994
27700000000,0.999997
27800000000,0.718602
27900000000,0.999994
28000000000,0.999997
28100000000,0.57766
28200000000,0.944682
28300000000,0.480545
28400000000,0.965375
28500000000,0.52575
28600000000,0.954767
28700000000,0.623575
28800000000,0.972317
28900000000,0.698593
29000000000,0.978575
29100000000,0.773926
29200000000,0.977164
29300000000,0.826451
29400000000,0.996843
29500000000,0.87929
29600000000,0.975203
29700000000,0.909753
29800000000,0.945165
29900000000,0.940099
30000000000,0.937756
30100000000,0.947636
30200000000,0.930212
30300000000,0.955488
30400000000,0.945297
30500000000,0.940531
30600000000,0.959816
30700000000,0.925888
30800000000,0.997395
30900000000,0.888436
31000000000,0.999997
31100000000,0.851731
31200000000,0.999997
31300000000,0.791783
31400000000,0.999996
31500000000,0.732151
31600000000,0.999995
31700000000,0.649707
31800000000,0.999994
31900000000,0.567579
32000000000,0.999994
32100000000,0.462639
32200000000,0.999993
32300000000,0.548439
32400000000,0.999993
32500000000,0.676
32600000000,0.999993
32700000000,0.802998
32800000000,0.999993
32900000000,0.953056
33000000000,0.93494
33100000000,0.999996
33200000000,0.785754
33300000000,0.999995
33400000000,0.613322
33500000000,0.999994
33600000000,0.466543
33700000000,0.999993
33800000000,0.661596
33900000000,0.999993
34000000000,0.85652
34100000000,0.999993
34200000000,0.999996
34300000000,0.815649
34400000000,0.999996
34500000000,0.598535
34600000000,0.999993
34700000000,0.550123
34800000000,0.999993
34900000000,0.790046
35000000000,0.999993
35100000000,0.999996
35200000000,0.837981
35300000000,0.999996
35400000000,0.575868
35500000000,0.999993
35600000000,0.618648
35700000000,0.999992
35800000000,0.903571
35900000000,0.98774
36000000000,0.999996
36100000000,0.680308
36200000000,0.999994
36300000000,0.537128
36400000000,0.999992
36500000000,0.86718
36600000000,0.999992
36700000000,0.999996
36800000000,0.695056
36900000000,0.999994
37000000000,0.568675
37100000000,0.999992
37200000000,0.920673
37300000000,0.971482
37400000000,0.999996
37500000000,0.59654
37600000000,0.999993
37700000000,0.689678
37800000000,0.999992
37900000000,0.999995
38000000000,0.805886
38100000000,0.999995
38200000000,0.50326
38300000000,0.999992
38400000000,0.923326
38500000000,0.970221
38600000000,0.999995
38700000000,0.550586
38800000000,0.999992
38900000000,0.804423
39000000000,0.999992
39100000000,0.999995
39200000000,0.647403
39300000000,0.999993
39400000000,0.730533
39500000000,0.999992
39600000000,0.999995
39700000000,0.698773
39800000000,0.999993
39900000000,0.702089
40000000000,0.999992
40100000000,0.999995
40200000000,0.70556
40300000000,0.999993
40400000000,0.718229
40500000000,0.999992
40600000000,0.999995
40700000000,0.667328
40800000000,0.999993
40900000000,0.779388
41000000000,0.999991
41100000000,0.999995
41200000000,0.583732
41300000000,0.999992
41400000000,0.885998
41500000000,0.999991
41600000000,0.999995
41700000000,0.459574
41800000000,0.999991
41900000000,0.999995
42000000000,0.859273
42100000000,0.999995
42200000000,0.633286
42300000000,0.999991
42400000000,0.999995
42500000000,0.663031
42600000000,0.999993
42700000000,0.852454
42800000000,0.999991
42900000000,0.999995
43000000000,0.493684
43100000000,0.999991
43200000000,0.999995
43300000000,0.781385
43400000000,0.999994
43500000000,0.779962
43600000000,0.999991
43700000000,0.999994
43800000000,0.472572
43900000000,0.999991
44000000000,0.999994
44100000000,0.786416
44200000000,0.999994
44300000000,0.797847
44400000000,0.999991
44500000000,0.999994
44600000000,0.507055
44700000000,0.999991
44800000000,0.999994
44900000000,0.701694
45000000000,0.999993
45100000000,0.928429
45200000000,0.970503
45300000000,0.999994
45400000000,0.65961
45500000000,0.999991
45600000000,0.999994
45700000000,0.504499
45800000000,0.999991
45900000000,0.999994
46000000000,0.750669
46100000000,0.999993
46200000000,0.925304
46300000000,0.974438
46400000000,0.999994
46500000000,0.701957
46600000000,0.999991
46700000000,0.999994
46800000000,0.500809
46900000000,0.99999
47000000000,0.999994
47100000000,0.619478
47200000000,0.999992
47300000000,0.999994
47400000000,0.797769
47500000000,0.999993
47600000000,0.924044
47700000000,0.976805
47800000000,0.999994
47900000000,0.767942
48000000000,0.99999
48100000000,0.018144
48200000000,0.53
48300000000,0.999991
48400000000,0.892095
48500000000,0.977479
48600000000,0.999991
48700000000,0.675521
48800000000,0.999991
48900000000,0.999991
49000000000,0.868589
49100000000,0.999991
49200000000,0.806973
49300000000,0.999991
49400000000,0.999991
49500000000,0.715065
49600000000,0.999991
49700000000,0.937915
49800000000,0.999991
49900000000,0.999991
50000000000,0.603947
50100000000,0.999991
50200000000,0.962286
50300000000,0.9101
50400000000,0.999991
50500000000,0.569254
50600000000,0.99914
50700000000,0.705023
50800000000,0.999991
50900000000,0.758848
51000000000,0.953105
51100000000,0.905019
51200000000,0.829878
51300000000,0.995272
51400000000,0.70658
51500000000,0.999991
51600000000,0.605865
51700000000,0.99999
51800000000,0.505078
51900000000,0.99999
52000000000,0.451202
52100000000,0.99999
52200000000,0.529838
52300000000,0.99999
52400000000,0.585599
52500000000,0.99999
52600000000,0.641722
52700000000,0.99999
52800000000,0.674971
52900000000,0.99999
53000000000,0.70858
53100000000,0.99999
53200000000,0.719315
53300000000,0.99999
53400000000,0.730411
53500000000,0.99999
53600000000,0.718632
53700000000,0.99999
53800000000,0.707214
53900000000,0.99999
54000000000,0.67292
54100000000,0.99999
54200000000,0.638987
54300000000,0.99999
54400000000,0.582178
54500000000,0.99999
54600000000,0.52573
54700000000,0.99999
54800000000,0.446405
54900000000,0.99999
55000000000,0.514005
55100000000,0.99999
55200000000,0.615912
55300000000,0.99999
55400000000,0.717754
55500000000,0.99999
55600000000,0.842177
55700000000,0.99999
55800000000,0.966536
55900000000,0.89718
56000000000,0.99999
56100000000,0.750304
56200000000,0.99999
56300000000,0.60379
56400000000,0.99999
56500000000,0.448397
56600000000,0.99999
56700000000,0.617791
56800000000,0.99999
56900000000,0.809767
57000000000,0.999989
57100000000,0.99999
57200000000,0.862881
57300000000,0.999989
57400000000,0.648448
57500000000,0.999989
57600000000,0.449627
57700000000,0.999989
57800000000,0.686641
57900000000,0.999989
58000000000,0.912122
58100000000,0.953288
58200000000,0.999989
58300000000,0.716758
58400000000,0.999989
58500000000,0.457215
58600000000,0.999989
58700000000,0.686748
58800000000,0.999989
58900000000,0.968743
59000000000,0.89708
59100000000,0.999989
59200000000,0.615507
59300000000,0.999989
59400000000,0.574343
59500000000,0.999989
59600000000,0.878931
59700000000,0.988237
59800000000,0.999989
59900000000,0.661126
60000000000,0.999989
60100000000,0.551669
60200000000,0.999989
60300000000,0.901232
60400000000,0.965853
60500000000,0.999989
60600000000,0.61671
60700000000,0.999989
60800000000,0.641973
60900000000,0.999989
61000000000,0.999989
61100000000,0.853875
61200000000,0.999989
61300000000,0.459609
61400000000,0.999989
61500000000,0.822018
61600000000,0.999989
61700000000,0.999989
61800000000,0.629183
61900000000,0.999989
62000000000,0.675388
62100000000,0.999989
62200000000,0.999989
62300000000,0.753704
62400000000,0.999989
62500000000,0.57338
62600000000,0.999989
62700000000,0.999989
62800000000,0.833601
62900000000,0.999989
63000000000,0.516859
63100000000,0.999989
63200000000,0.999989
63300000000,0.868008
63400000000,0.999988
63500000000,0.504964
63600000000,0.999988
63700000000,0.999989
63800000000,0.857788
63900000000,0.999988
64000000000,0.53856
64100000000,0.999988
64200000000,0.999988
64300000000,0.802075
64400000000,0.999988
64500000000,0.616785
64600000000,0.999988
64700000000,0.999988
64800000000,0.701731
64900000000,0.999988
65000000000,0.740505
65100000000,0.999988
65200000000,0.999989
65300000000,0.55589
65400000000,0.999988
65500000000,0.908859
65600000000,0.962871
65700000000,0.999988
65800000000,0.525254
65900000000,0.999988
66000000000,0.999988
66100000000,0.749429
66200000000,0.999988
66300000000,0.76164
66400000000,0.999988
66500000000,0.999988
66600000000,0.491349
66700000000,0.999988
66800000000,0.999988
66900000000,0.829801
67000000000,0.999988
67100000000,0.704211
67200000000,0.999988
67300000000,0.999988
67400000000,0.504113
67500000000,0.999988
67600000000,0.999988
67700000000,0.82052
67800000000,0.999988
67900000000,0.759381
68000000000,0.999988
68100000000,0.999988
68200000000,0.465572
68300000000,0.999988
68400000000,0.999988
68500000000,0.698057
68600000000,0.999988
68700000000,0.895061
68800000000,0.980858
68900000000,0.962503
69000000000,0.901417
69100000000,0.766313
69200000000,0.920783
69300000000,0.530382
69400000000,0.932255
69500000000,0.557877
69600000000,0.945417
69700000000,0.748157
69800000000,0.917909
69900000000,0.938931
70000000000,0.750079
70100000000,0.955396
70200000000,0.582331
70300000000,0.972633
70400000000,0.438725
70500000000,0.967081
70600000000,0.584434
70700000000,0.987259
70800000000,0.707328
70900000000,0.998397
71000000000,0.830725
71100000000,0.927549
71200000000,0.930874
71300000000,0.8274
71400000000,0.999987
71500000000,0.749278
71600000000,0.999987
71700000000,0.671656
71800000000,0.999987
71900000000,0.616493
72000000000,0.999987
72100000000,0.561414
72200000000,0.999987
72300000000,0.528786
72400000000,0.999987
72500000000,0.496242
72600000000,0.999987
72700000000,0.48615
72800000000,0.999987
72900000000,0.476144
73000000000,0.999987
73100000000,0.488588
73200000000,0.999987
73300000000,0.501119
73400000000,0.999987
73500000000,0.536101
73600000000,0.999987
73700000000,0.57117
73800000000,0.999987
73900000000,0.62869
74000000000,0.999987
74100000000,0.686298
74200000000,0.999987
74300000000,0.766357
74400000000,0.999987
74500000000,0.846505
74600000000,0.999987
74700000000,0.949104
74800000000,0.912547
74900000000,0.999987
75000000000,0.810352
75100000000,0.999987
75200000000,0.685122
75300000000,0.999987
75400000000,0.560818
75500000000,0.999987
75600000000,0.468431
75700000000,0.999987
75800000000,0.616203
75900000000,0.999987
76000000000,0.786426
76100000000,0.999987
76200000000,0.956741
76300000000,0.906609
76400000000,0.999987
76500000000,0.71375
76600000000,0.999987
76700000000,0.521385
76800000000,0.999987
76900000000,0.576265
77000000000,0.999986
77100000000,0.780196
77200000000,0.999986
77300000000,0.995539
77400000000,0.868517
77500000000,0.999986
77600000000,0.630628
77700000000,0.999987
77800000000,0.490398
77900000000,0.999986
78000000000,0.750892
78100000000,0.999986
78200000000,0.999986
78300000000,0.853873
78400000000,0.999986
78500000000,0.570972
78600000000,0.999986
78700000000,0.595942
78800000000,0.999986
78900000000,0.901532
79000000000,0.963774
79100000000,0.999986
79200000000,0.658579
79300000000,0.999986
79400000000,0.553965
79500000000,0.999986
79600000000,0.881873
79700000000,0.984164
79800000000,0.999986
79900000000,0.633532
80000000000,0.999986
80100000000,0.602215
80200000000,0.999986
80300000000,0.975454
80400000000,0.891032
80500000000,0.999986
80600000000,0.518185
80700000000,0.999986
80800000000,0.763019
80900000000,0.999986
81000000000,0.999986
81100000000,0.70846
81200000000,0.999986
81300000000,0.59612
81400000000,0.999986
81500000000,0.999986
81600000000,0.853626
81700000000,0.999986
81800000000,0.473898
81900000000,0.999986
82000000000,0.914742
82100000000,0.953251
82200000000,0.999986
82300000000,0.489851
82400000000,0.999986
82500000000,0.860346
82600000000,0.999986
82700000000,0.999986
82800000000,0.52224
82900000000,0.999986
83000000000,0.851173
83100000000,0.999986
83200000000,0.999986
83300000000,0.509081
83400000000,0.999986
83500000000,0.886845
83600000000,0.982311
83700000000,0.999986
83800000000,0.451237
83900000000,0.999986
84000000000,0.968065
84100000000,0.901475
84200000000,0.999986
84300000000,0.540339
84400000000,0.999986
84500000000,0.999986
84600000000,0.775951
84700000000,0.999986
84800000000,0.689239
84900000000,0.999985
85000000000,0.999985
85100000000,0.605304
85200000000,0.999985
85300000000,0.88283
85400000000,0.987524
85500000000,0.999986
85600000000,0.500611
85700000000,0.999986
85800000000,0.999985
85900000000,0.749188
86000000000,0.999986
86100000000,0.761892
86200000000,0.999985
86300000000,0.999986
86400000000,0.46529
86500000000,0.999985
86600000000,0.999985
86700000000,0.803146
86800000000,0.999985
86900000000,0.753821
87000000000,0.999985
87100000000,0.999985
87200000000,0.451551
87300000000,0.999985
87400000000,0.999985
87500000000,0.74394
87600000000,0.999985
87700000000,0.835972
87800000000,0.999985
87900000000,0.999985
88000000000,0.566194
88100000000,0.999985
88200000000,0.999985
88300000000,0.615787
88400000000,0.999985
88500000000,0.53487
88600000000,0.949631
88700000000,0.729173
88800000000,0.908086
88900000000,0.931823
89000000000,0.69677
89100000000,0.948279
89200000000,0.508057
89300000000,0.955631
89400000000,0.554913
89500000000,0.971328
89600000000,0.721127
89700000000,0.967892
89800000000,0.887682
89900000000,0.824282
90000000000,0.969296
90100000000,0.68062
90200000000,0.999352
90300000000,0.559563
90400000000,0.995025
90500000000,0.438455
90600000000,0.999985
90700000000,0.535479
90800000000,0.988661
90900000000,0.634373
91000000000,0.999985
91100000000,0.710372
91200000000,0.999985
91300000000,0.78671
91400000000,0.999985
91500000000,0.840585
91600000000,0.963156
91700000000,0.894367
91800000000,0.932318
91900000000,0.925253
92000000000,0.901432
92100000000,0.956478
92200000000,0.893152
92300000000,0.964806
92400000000,0.884824
92500000000,0.973473
92600000000,0.899101
92700000000,0.959242
92800000000,0.913332
92900000000,0.945349
93000000000,0.950169
93100000000,0.908991
93200000000,0.986527
93300000000,0.872538
93400000000,0.999985
93500000000,0.813187
93600000000,0.999985
93700000000,0.754173
93800000000,0.999985
93900000000,0.67226
94000000000,0.999984
94100000000,0.590684
94200000000,0.999985
94300000000,0.486208
94400000000,0.999984
94500000000,0.496734
94600000000,0.999984
94700000000,0.623818
94800000000,0.999984
94900000000,0.750857
95000000000,0.999985
95100000000,0.900504
95200000000,0.960131
95300000000,0.999984
95400000000,0.810863
95500000000,0.999984
95600000000,0.639124
95700000000,0.999984
95800000000,0.46729
95900000000,0.999984
96000000000,0.607862
96100000000,0.999984
96200000000,0.791128
96300000000,0.999984
96400000000,0.985962
96500000000,0.876238
96600000000,0.999984
96700000000,0.658836
96800000000,0.999984
96900000000,0.441907
97000000000,0.999984
97100000000,0.679134
97200000000,0.999984
97300000000,0.919106
97400000000,0.943844
97500000000,0.999984
97600000000,0.681303
97700000000,0.999984
97800000000,0.462683
97900000000,0.999984
98000000000,0.747697
98100000000,0.999984
98200000000,0.999984
98300000000,0.830885
98400000000,0.999984
98500000000,0.523199
98600000000,0.999984
98700000000,0.666676
98800000000,0.999984
98900000000,0.996835
99000000000,0.866699
99100000000,0.999984
99200000000,0.537342
99300000000,0.999984
99400000000,0.698422
99500000000,0.999984
99600000000,0.999984
99700000000,0.813117
99800000000,0.999984
99900000000,0.445159
100000000000,0.999984
100100000000,0.820571
100200000000,0.999984
100300000000,0.999984
100400000000,0.646183
100500000000,0.999984
100600000000,0.635038
100700000000,0.999984
100800000000,0.999984
100900000000,0.809503
101000000000,0.999984
101100000000,0.495094
101200000000,0.999984
101300000000,0.937706
101400000000,0.927664
101500000000,0.999984
101600000000,0.484984
101700000000,0.999984
101800000000,0.865502
101900000000,0.999984
102000000000,0.999984
102100000000,0.535402
102200000000,0.999984
102300000000,0.838029
102400000000,0.999984
102500000000,0.999984
102600000000,0.540222
102700000000,0.999984
102800000000,0.855721
102900000000,0.999983
103000000000,0.999984
103100000000,0.500306
103200000000,0.999984
103300000000,0.918582
103400000000,0.948234
103500000000,0.999984
103600000000,0.471086
103700000000,0.999984
103800000000,0.999983
103900000000,0.840561
104000000000,0.999984
104100000000,0.601704
104200000000,0.999984
104300000000,0.999984
104400000000,0.687281
104500000000,0.999984
104600000000,0.777496
104700000000,0.999983
104800000000,0.999983
104900000000,0.489256
105000000000,0.999983
105100000000,0.998465
105200000000,0.869884
105300000000,0.999984
105400000000,0.641214
105500000000,0.999983
105600000000,0.999983
105700000000,0.604088
105800000000,0.999983
105900000000,0.929954
106000000000,0.938638
106100000000,0.999983
106200000000,0.594972
106300000000,0.999983
106400000000,0.999983
106500000000,0.605065
106600000000,0.999983
106700000000,0.95149
106800000000,0.917916
106900000000,0.999983
107000000000,0.662016
107100000000,0.999983
107200000000,0.999983
107300000000,0.516184
107400000000,0.999983
107500000000,0.999983
107600000000,0.783325
107700000000,0.999983
107800000000,0.81912
107900000000,0.999983
108000000000,0.999984
108100000000,0.574005
108200000000,0.999983
108300000000,0.633196
108400000000,0.931385
108500000000,0.474591
108600000000,0.944591
108700000000,0.659287
108800000000,0.945023
108900000000,0.856827
109000000000,0.809267
109100000000,0.967822
109200000000,0.645669
109300000000,0.978143
109400000000,0.482171
109500000000,0.993807
109600000000,0.530791
109700000000,0.983968
109800000000,0.672623
109900000000,0.994802
110000000000,0.790978
110100000000,0.943949
110200000000,0.909806
110300000000,0.848066
110400000000,0.999983
110500000000,0.752284
110600000000,0.999983
110700000000,0.678542
110800000000,0.999983
110900000000,0.605335
111000000000,0.999983
111100000000,0.5546
111200000000,0.999983
111300000000,0.503968
111400000000,0.999983
111500000000,0.475465
111600000000,0.999983
111700000000,0.447322
111800000000,0.999983
111900000000,0.441739
112000000000,0.999983
112100000000,0.438361
112200000000,0.999983
112300000000,0.453258
112400000000,0.999983
112500000000,0.469927
112600000000,0.999983
112700000000,0.509502
112800000000,0.999983
112900000000,0.549184
113000000000,0.999983
113100000000,0.611339
113200000000,0.999983
113300000000,0.67317
113400000000,0.999983
113500000000,0.757907
113600000000,0.999983
113700000000,0.842752
113800000000,0.999983
113900000000,0.950072
114000000000,0.907304
114100000000,0.999983
114200000000,0.811384
114300000000,0.999983
114400000000,0.704316
114500000000,0.999983
114600000000,0.574339
114700000000,0.999983
114800000000,0.445117
114900000000,0.999983
115000000000,0.584169
115100000000,0.999983
115200000000,0.736732
115300000000,0.999983
115400000000,0.911485
115500000000,0.94657
115600000000,0.999982
115700000000,0.771742
115800000000,0.999983
115900000000,0.574003
116000000000,0.999983
116100000000,0.500741
116200000000,0.999983
116300000000,0.721103
116400000000,0.999983
116500000000,0.941072
116600000000,0.918086
116700000000,0.999983
116800000000,0.675166
116900000000,0.999983
117000000000,0.445899
117100000000,0.999983
117200000000,0.711012
117300000000,0.999983
117400000000,0.976525
117500000000,0.883265
117600000000,0.999982
117700000000,0.595159
117800000000,0.999983
117900000000,0.571363
118000000000,0.999982
118100000000,0.882096
118200000000,0.978075
118300000000,0.999983
118400000000,0.668123
118500000000,0.999982
118600000000,0.54472
118700000000,0.999982
118800000000,0.877586
118900000000,0.98325
119000000000,0.999982
119100000000,0.627354
119200000000,0.999982
119300000000,0.608002
119400000000,0.999982
119500000000,0.986527
119600000000,0.874685
119700000000,0.999982
119800000000,0.496505
119900000000,0.999982
120000000000,0.784741
120100000000,0.999982
120200000000,0.999982
120300000000,0.676034
120400000000,0.999982
120500000000,0.628156
120600000000,0.999982
120700000000,0.999982
120800000000,0.810358
120900000000,0.999982
121000000000,0.516777
121100000000,0.999982
121200000000,0.963079
121300000000,0.899474
121400000000,0.999982
121500000000,0.450606
121600000000,0.999982
121700000000,0.919512
121800000000,0.943812
121900000000,0.999982
122000000000,0.4523
122100000000,0.999982
122200000000,0.921157
122300000000,0.942504
122400000000,0.999982
122500000000,0.453897
122600000000,0.999982
122700000000,0.968017
122800000000,0.89598
122900000000,0.999982
123000000000,0.523365
123100000000,0.999982
123200000000,0.999982
123300000000,0.804237
123400000000,0.999982
123500000000,0.638053
123600000000,0.565339
123700000000,0.999988
123800000000,0.720083
123900000000,1.0
124000000000,0.731388
124100000000,0.571758
124200000000,0.746006
124300000000,0.77636
124400000000,0.953903
124500000000,0.398813
124600000000,1.0
124700000000,0.663778
124800000000,1.0
124900000000,0.627454
125000000000,1.0
125100000000,0.689841
125200000000,1.0
125300000000,0.450511
125400000000,1.0
125500000000,0.709056
125600000000,1.0
125700000000,0.936269
125800000000,0.850277
125900000000,1.0
126000000000,0.515787
126100000000,1.0
126200000000,0.946004
126300000000,0.870357
126400000000,1.0
126500000000,0.647068
126600000000,1.0
126700000000,0.518785
126800000000,0.956927
126900000000,0.730225
127000000000,1.0
127100000000,0.860304
127200000000,0.933938
127300000000,0.801629
127400000000,1.0
127500000000,0.819176
127600000000,1.0
127700000000,0.557924
127800000000,1.0
127900000000,0.556622
128000000000,1.0
128100000000,0.864822
128200000000,0.890059
128300000000,1.0
128400000000,0.491412
128500000000,1.0
128600000000,0.941188
128700000000,0.845509
128800000000,1.0
128900000000,0.840198
129000000000,1.0
129100000000,0.501765
129200000000,0.950207
129300000000,0.90577
129400000000,0.851899
129500000000,0.810052
129600000000,0.966001
129700000000,0.966448
129800000000,0.919142
129900000000,0.746725
130000000000,1.0
130100000000,0.700107
130200000000,1.0
130300000000,0.410555
130400000000,1.0
130500000000,0.929816
130600000000,1.0
130700000000,1.0
130800000000,0.385586
130900000000,1.0
131000000000,0.954964
131100000000,0.916912
131200000000,1.0
131300000000,0.871871
131400000000,0.551656
131500000000,0.997755
131600000000,0.688253
131700000000,0.997723
131800000000,0.336187
131900000000,1.0
132000000000,0.665191
132100000000,1.0
132200000000,0.515713
132300000000,0.984167
132400000000,1.0
132500000000,1.0
132600000000,1.0
132700000000,0.380447
132800000000,1.0
132900000000,0.773274
133000000000,1.0
133100000000,0.731991
133200000000,0.554795
133300000000,0.826895
133400000000,0.932975
133500000000,0.560877
133600000000,0.962444
133700000000,0.436069
133800000000,1.0
133900000000,0.516485
134000000000,1.0
134100000000,0.529966
134200000000,1.0
134300000000,0.431134
134400000000,1.0
134500000000,0.612861
134600000000,1.0
134700000000,0.916687
134800000000,0.921603
134900000000,1.0
135000000000,0.529911
135100000000,1.0
135200000000,0.8353
135300000000,0.995862
135400000000,1.0
135500000000,0.461126
135600000000,1.0
135700000000,1.0
135800000000,0.763161
135900000000,1.0
136000000000,0.758437
136100000000,0.871752
136200000000,1.0
136300000000,0.742278
136400000000,0.997911
136500000000,0.542858
136600000000,1.0
136700000000,0.60039
136800000000,1.0
136900000000,0.563483
137000000000,1.0
137100000000,0.790053
137200000000,1.0
137300000000,0.968072
137400000000,0.812607
137500000000,1.0
137600000000,0.521615
137700000000,1.0
137800000000,0.796417
137900000000,0.977131
138000000000,1.0
138100000000,0.49459
138200000000,1.0
138300000000,0.903314
138400000000,0.819278
138500000000,0.786962
138600000000,0.888172
138700000000,0.803269
138800000000,1.0
138900000000,0.44782
139000000000,1.0
139100000000,0.732527
139200000000,1.0
139300000000,0.512857
139400000000,1.0
139500000000,0.978508
139600000000,1.0
139700000000,0.985241
139800000000,0.651284
139900000000,1.0
140000000000,0.637211
140100000000,1.0
140200000000,0.78961
140300000000,0.853112
140400000000,0.688667
140500000000,0.949823
140600000000,0.635153
140700000000,0.996275
140800000000,0.455087
140900000000,1.0
141000000000,0.787839
141100000000,1.0
141200000000,0.595378
141300000000,1.0
141400000000,0.703022
141500000000,1.0
141600000000,0.427575
141700000000,1.0
141800000000,0.898807
141900000000,1.0
142000000000,1.0
142100000000,0.641379
142200000000,1.0
142300000000,0.771027
142400000000,1.0
142500000000,0.970751
142600000000,0.638593
142700000000,0.958559
142800000000,0.807771
142900000000,0.860396
143000000000,1.0
143100000000,0.596078
143200000000,1.0
143300000000,0.699753
143400000000,1.0
143500000000,0.594194
143600000000,1.0
143700000000,0.877973
143800000000,1.0
143900000000,0.998388
144000000000,0.816426
144100000000,1.0
144200000000,0.580436
144300000000,1.0
144400000000,0.826788
144500000000,1.0
144600000000,1.0
144700000000,0.553768
144800000000,1.0
144900000000,0.739601
145000000000,0.89101
145100000000,0.766743
145200000000,1.0
145300000000,0.661842
145400000000,1.0
145500000000,0.412149
145600000000,1.0
145700000000,0.568648
145800000000,1.0
145900000000,0.45479
146000000000,1.0
146100000000,0.815187
146200000000,1.0
146300000000,0.903499
146400000000,0.858075
146500000000,1.0
146600000000,0.652458
146700000000,1.0
146800000000,0.776418
146900000000,1.0
147000000000,1.0
147100000000,0.96478
147200000000,0.959522
147300000000,0.768703
147400000000,0.833567
147500000000,1.0
147600000000,0.587052
147700000000,1.0
147800000000,0.582646
147900000000,1.0
148000000000,0.540031
148100000000,1.0
148200000000,0.739093
148300000000,1.0
148400000000,0.899083
148500000000,0.886594
148600000000,1.0
148700000000,0.635695
148800000000,1.0
148900000000,0.681488
149000000000,1.0
149100000000,1.0
149200000000,0.654144
149300000000,1.0
149400000000,0.871408
149500000000,1.0
149600000000,1.0
149700000000,0.933953
149800000000,1.0
149900000000,0.607475
150000000000,0.977581
150100000000,1.0
150200000000,0.741664
150300000000,0.977108
150400000000,0.832094
150500000000,1.0
150600000000,0.72904
150700000000,0.993622
150800000000,1.0
150900000000,0.98066
151000000000,1.0
151100000000,0.616391
151200000000,1.0
151300000000,0.612908
151400000000,1.0
151500000000,0.96139
151600000000,0.814935
151700000000,1.0
151800000000,0.597053
151900000000,1.0
152000000000,0.874112
152100000000,0.699556
152200000000,0.926912
152300000000,0.902428
152400000000,0.761434
152500000000,1.0
152600000000,0.587615
152700000000,1.0
152800000000,0.656713
152900000000,1.0
153000000000,0.629777
153100000000,1.0
153200000000,0.903214
153300000000,1.0
153400000000,1.0
153500000000,0.723758
153600000000,1.0
153700000000,0.573513
153800000000,1.0
153900000000,0.951367
154000000000,0.854731
154100000000,1.0
154200000000,0.591245
154300000000,1.0
154400000000,0.576464
154500000000,0.727934
154600000000,0.92541
154700000000,0.992941
154800000000,0.49943
154900000000,1.0
155000000000,0.574889
155100000000,1.0
155200000000,0.417512
155300000000,1.0
155400000000,0.605632
155500000000,1.0
155600000000,0.652597
155700000000,1.0
155800000000,1.0
155900000000,0.992509
156000000000,1.0
156100000000,0.529671
156200000000,1.0
156300000000,0.88146
156400000000,1.0
156500000000,1.0
156600000000,0.511462
156700000000,1.0
156800000000,1.0
156900000000,1.0
157000000000,0.773619
157100000000,0.983014
157200000000,0.563007
157300000000,1.0
157400000000,0.490515
157500000000,1.0
157600000000,0.425638
157700000000,1.0
157800000000,0.556626
157900000000,1.0
158000000000,0.694365
158100000000,1.0
158200000000,1.0
158300000000,0.862327
158400000000,1.0
158500000000,0.442119
158600000000,1.0
158700000000,0.92356
158800000000,0.970615
158900000000,1.0
159000000000,0.485545
159100000000,1.0
159200000000,1.0
159300000000,0.771041
159400000000,1.0
159500000000,0.926482
159600000000,0.679932
159700000000,0.948501
159800000000,0.736252
159900000000,1.0
160000000000,0.3732
160100000000,1.0
160200000000,0.61092
160300000000,1.0
160400000000,0.461957
160500000000,1.0
160600000000,0.902298
160700000000,1.0
160800000000,0.956185
160900000000,0.614844
161000000000,1.0
161100000000,0.606455
161200000000,1.0
161300000000,0.851693
161400000000,0.783458
161500000000,0.724072
161600000000,0.907055
161700000000,0.628248
161800000000,0.965917
161900000000,0.417064
162000000000,1.0
162100000000,0.761165
162200000000,1.0
162300000000,0.534233
162400000000,1.0
162500000000,0.698225
162600000000,1.0
162700000000,0.385653
162800000000,1.0
162900000000,0.962379
163000000000,1.0
163100000000,1.0
163200000000,0.613693
163300000000,1.0
163400000000,0.809159
163500000000,1.0
163600000000,0.501657
163700000000,0.878783
163800000000,0.917077
163900000000,0.761636
164000000000,1.0
164100000000,0.70328
164200000000,1.0
164300000000,0.625555
164400000000,1.0
164500000000,0.769823
164600000000,1.0
164700000000,0.883682
164800000000,0.899001
164900000000,1.0
165000000000,0.672132
165100000000,1.0
165200000000,0.577111
165300000000,1.0
165400000000,1.0
165500000000,0.779942
165600000000,1.0
165700000000,0.676229
165800000000,1.0
165900000000,1.0
166000000000,0.543177
166100000000,1.0
166200000000,0.521014
166300000000,0.884351
166400000000,0.713999
166500000000,0.954558
166600000000,0.969388
166700000000,0.778594
166800000000,1.0
166900000000,0.748155
167000000000,1.0
167100000000,0.777842
167200000000,1.0
167300000000,0.950031
167400000000,0.911092
167500000000,1.0
167600000000,0.628913
167700000000,1.0
167800000000,0.576174
167900000000,1.0
168000000000,1.0
168100000000,0.804002
168200000000,1.0
168300000000,0.607582
168400000000,1.0
168500000000,1.0
168600000000,0.64318
168700000000,1.0
168800000000,0.844868
168900000000,0.977423
169000000000,0.425181
169100000000,1.0
169200000000,0.65154
169300000000,1.0
169400000000,0.588199
169500000000,1.0
169600000000,0.81348
169700000000,1.0
169800000000,0.570018
169900000000,1.0
170000000000,0.581629
170100000000,1.0
170200000000,0.573254
170300000000,1.0
170400000000,1.0
170500000000,0.936541
170600000000,1.0
170700000000,0.424839
170800000000,1.0
170900000000,1.0
171000000000,0.976721
171100000000,0.964628
171200000000,0.895247
171300000000,0.479841
171400000000,1.0
171500000000,0.581624
171600000000,1.0
171700000000,0.329292
171800000000,1.0
171900000000,0.559873
172000000000,1.0
172100000000,0.388086
172200000000,1.0
172300000000,0.896865
172400000000,1.0
172500000000,0.927813
172600000000,0.597495
172700000000,1.0
172800000000,0.589842
172900000000,1.0
173000000000,0.48013
173100000000,0.797368
173200000000,0.719169
173300000000,0.945503
173400000000,0.468098
173500000000,0.981599
173600000000,0.684851
173700000000,1.0
173800000000,0.820635
173900000000,1.0
174000000000,0.824145
174100000000,1.0
174200000000,0.756861
174300000000,1.0
174400000000,0.557732
174500000000,1.0
174600000000,0.623992
174700000000,1.0
174800000000,0.984395
174900000000,0.867029
175000000000,1.0
175100000000,0.520759
175200000000,1.0
175300000000,1.0
175400000000,0.782077
175500000000,1.0
175600000000,0.738578
175700000000,1.0
175800000000,0.758831
175900000000,0.953277
176000000000,0.548998
176100000000,1.0
176200000000,0.467802
176300000000,0.996171
176400000000,0.613184
176500000000,1.0
176600000000,0.650864
176700000000,1.0
176800000000,0.594039
176900000000,1.0
177000000000,0.449593
177100000000,1.0
177200000000,0.706331
177300000000,1.0
177400000000,1.0
177500000000,0.782996
177600000000,1.0
177700000000,0.55891
177800000000,1.0
177900000000,1.0
178000000000,0.731617
178100000000,1.0
178200000000,0.774322
178300000000,1.0
178400000000,0.820593
178500000000,0.986789
178600000000,0.655993
178700000000,1.0
178800000000,0.437898
178900000000,1.0
179000000000,0.569396
179100000000,1.0
179200000000,0.530907
179300000000,1.0
179400000000,0.549819
179500000000,1.0
179600000000,0.491761
179700000000,1.0
179800000000,0.86201
179900000000,1.0
180000000000,1.0
180100000000,0.651278
180200000000,1.0
180300000000,0.715034
180400000000,1.0
180500000000,1.0
180600000000,0.644086
180700000000,1.0
180800000000,0.883216
180900000000,1.0
181000000000,0.414522
181100000000,0.957305
181200000000,0.631218
181300000000,1.0
181400000000,0.607384
181500000000,1.0
181600000000,0.723807
181700000000,1.0
181800000000,0.576334
181900000000,1.0
182000000000,0.489679
182100000000,1.0
182200000000,0.621931
182300000000,1.0
182400000000,1.0
182500000000,0.820202
182600000000,1.0
182700000000,0.498338
182800000000,1.0
182900000000,1.0
183000000000,0.745845
183100000000,1.0
183200000000,0.763432
183300000000,1.0
183400000000,1.0
183500000000,0.842229
183600000000,0.867494
183700000000,0.920974
183800000000,0.855395
183900000000,1.0
184000000000,0.696206
184100000000,1.0
184200000000,0.877249
184300000000,1.0
184400000000,0.83394
184500000000,0.860273
184600000000,1.0
184700000000,0.809085
184800000000,1.0
184900000000,0.408921
185000000000,1.0
185100000000,1.0
185200000000,1.0
185300000000,1.0
185400000000,0.38887
185500000000,1.0
185600000000,1.0
185700000000,0.857056
185800000000,1.0
185900000000,0.214363
186000000000,0.957071
186100000000,0.659562
186200000000,0.970502
186300000000,0.439067
186400000000,1.0
186500000000,0.581729
186600000000,1.0
186700000000,0.483861
186800000000,1.0
186900000000,0.577002
187000000000,1.0
187100000000,0.760517
187200000000,1.0
187300000000,1.0
187400000000,0.830974
187500000000,1.0
187600000000,0.548516
187700000000,1.0
187800000000,1.0
187900000000,0.832862
188000000000,1.0
188100000000,0.753991
188200000000,1.0
188300000000,1.0
188400000000,0.525761
188500000000,1.0
188600000000,1.0
188700000000,0.630929
188800000000,0.997152
188900000000,0.52762
189000000000,0.999999
189100000000,0.851719
189200000000,0.984387
189300000000,0.64535
189400000000,0.999999
189500000000,0.940195
189600000000,0.999999
189700000000,0.544067
189800000000,0.999999
189900000000,0.636762
190000000000,0.999999
190100000000,0.623269
190200000000,0.999999
190300000000,0.999999
190400000000,0.909168
190500000000,0.999999
190600000000,0.557361
190700000000,0.999999
190800000000,0.999999
190900000000,0.999999
191000000000,0.86012
191100000000,0.817324
191200000000,0.846983
191300000000,0.999999
191400000000,0.714561
191500000000,0.999999
191600000000,0.70241
191700000000,0.999999
191800000000,0.774443
191900000000,0.999999
192000000000,0.941498
192100000000,0.917112
192200000000,0.999999
192300000000,0.672805
192400000000,0.999999
192500000000,0.593718
192600000000,0.999999
192700000000,0.999999
192800000000,0.810453
192900000000,0.999999
193000000000,0.662568
193100000000,0.999999
193200000000,0.999999
193300000000,0.542946
193400000000,0.999999
193500000000,0.999999
193600000000,0.786167
193700000000,0.999999
193800000000,0.955801
193900000000,0.999999
194000000000,0.391971
194100000000,0.999999
194200000000,0.694458
194300000000,0.999999
194400000000,0.528451
194500000000,0.999999
194600000000,0.694041
194700000000,0.999999
194800000000,0.745547
194900000000,0.999998
195000000000,0.999999
195100000000,0.878413
195200000000,0.999999
195300000000,0.42627
195400000000,0.999998
195500000000,0.9567
195600000000,0.999998
195700000000,0.999999
195800000000,0.432378
195900000000,0.999998
196000000000,0.999999
196100000000,0.794252
196200000000,0.999999
196300000000,0.804219
196400000000,0.962783
196500000000,0.726986
196600000000,0.923767
196700000000,0.863229
196800000000,0.999998
196900000000,0.605622
197000000000,0.999998
197100000000,0.965666
197200000000,0.999998
197300000000,0.831736
197400000000,0.798805
197500000000,0.999999
197600000000,0.834065
197700000000,0.999998
197800000000,0.471855
197900000000,0.999998
198000000000,0.999998
198100000000,0.999998
198200000000,0.999998
198300000000,0.25129
198400000000,0.913679
198500000000,0.613714
198600000000,0.954671
198700000000,0.755383
198800000000,0.999998
198900000000,0.919279
199000000000,0.982763
199100000000,0.959349
199200000000,0.999998
199300000000,0.909614
199400000000,0.999998
199500000000,0.769175
199600000000,0.999998
199700000000,0.505812
199800000000,0.999998
199900000000,0.829092
