0,0.000928
100000000,0.115152
200000000,0.116016
300000000,0.161472
400000000,0.163632
500000000,0.240912
600000000,0.207193
700000000,0.37944
800000000,0.456366
900000000,0.552816
1000000000,0.718306
1100000000,0.829439
1200000000,0.941141
1300000000,1.0
1400000000,0.754441
1500000000,1.0
1600000000,0.957559
1700000000,0.941341
1800000000,1.0
1900000000,0.832851
2000000000,1.0
2100000000,0.994703
2200000000,0.041807
2300000000,0.012096
2400000000,0.012096
2500000000,0.012096
2600000000,0.012096
2700000000,0.012096
2800000000,0.011472
2900000000,0.012096
3000000000,0.012096
3100000000,0.012096
3200000000,0.012096
3300000000,0.03504
3400000000,0.024816
3500000000,0.022944
3600000000,0.035664
3700000000,0.036288
3800000000,0.04776
3900000000,0.048384
4000000000,0.059856
4100000000,0.06048
4200000000,0.071328
4300000000,0.084048
4400000000,0.082176
4500000000,0.084672
4600000000,0.084672
4700000000,0.094896
4800000000,0.096768
4900000000,0.103872
5000000000,0.120336
5100000000,0.119088
5200000000,0.131808
5300000000,0.132672
5400000000,0.140464
5500000000,0.144384
5600000000,0.151936
5700000000,0.167888
5800000000,0.163408
5900000000,0.17712
6000000000,0.177232
6100000000,0.161472
6200000000,0.138802
6300000000,0.172944
6400000000,0.186144
6500000000,0.18528
6600000000,0.196752
6700000000,0.197616
6800000000,0.184416
6900000000,0.149143
7000000000,0.19632
7100000000,0.209088
7200000000,0.207792
7300000000,0.219264
7400000000,0.22056
7500000000,0.207792
7600000000,0.179578
7700000000,0.218832
7800000000,0.2316
7900000000,0.231168
8000000000,0.232032
8100000000,0.232464
8200000000,0.242058
8300000000,0.19854
8400000000,0.230304
8500000000,0.243072
8600000000,0.243072
8700000000,0.254976
8800000000,0.255408
8900000000,0.265152
9000000000,0.228543
9100000000,0.254112
9200000000,0.265584
9300000000,0.266016
9400000000,0.277488
9500000000,0.278352
9600000000,0.287664
9700000000,0.258545
9800000000,0.276192
9900000000,0.289824
10000000000,0.289392
10100000000,0.300432
10200000000,0.301728
10300000000,0.310608
10400000000,0.288116
10500000000,0.3
10600000000,0.312768
10700000000,0.312336
10800000000,0.323376
10900000000,0.324672
11000000000,0.322512
11100000000,0.318118
11200000000,0.33312
11300000000,0.32424
11400000000,0.323376
11500000000,0.334416
11600000000,0.334962
11700000000,0.345456
11800000000,0.348121
11900000000,0.356928
12000000000,0.346752
12100000000,0.346752
12200000000,0.35736
12300000000,0.328767
12400000000,0.367968
12500000000,0.378123
12600000000,0.380304
12700000000,0.369696
12800000000,0.370128
12900000000,0.379872
13000000000,0.322141
13100000000,0.391344
13200000000,0.404976
13300000000,0.402816
13400000000,0.39264
13500000000,0.39264
13600000000,0.402909
13700000000,0.315514
13800000000,0.413856
13900000000,0.42792
14000000000,0.426192
14100000000,0.415584
14200000000,0.416016
14300000000,0.426624
14400000000,0.30932
14500000000,0.437232
14600000000,0.439392
14700000000,0.437232
14800000000,0.449568
14900000000,0.450432
15000000000,0.438096
15100000000,0.302261
15200000000,0.448664
15300000000,0.461904
15400000000,0.460608
15500000000,0.472512
15600000000,0.472944
15700000000,0.46104
15800000000,0.296066
15900000000,0.471648
16000000000,0.484848
16100000000,0.483984
16200000000,0.495456
16300000000,0.496752
16400000000,0.483552
16500000000,0.298358
16600000000,0.495024
16700000000,0.507792
16800000000,0.506496
16900000000,0.517968
17000000000,0.519696
17100000000,0.506928
17200000000,0.32836
17300000000,0.517104
17400000000,0.530304
17500000000,0.529872
17600000000,0.540912
17700000000,0.534671
17800000000,0.529872
17900000000,0.358363
18000000000,0.540912
18100000000,0.553248
18200000000,0.553248
18300000000,0.563856
18400000000,0.528477
18500000000,0.552384
18600000000,0.387934
18700000000,0.552816
18800000000,0.565584
18900000000,0.565152
19000000000,0.576191
19100000000,0.498906
19200000000,0.586799
19300000000,0.417936
19400000000,0.574896
19500000000,0.588095
19600000000,0.588095
19700000000,0.598703
19800000000,0.492712
19900000000,0.609311
20000000000,0.447939
20100000000,0.598703
20200000000,0.611039
20300000000,0.611039
20400000000,0.621647
20500000000,0.486085
20600000000,0.632255
20700000000,0.477509
20800000000,0.621215
20900000000,0.633983
21000000000,0.634415
21100000000,0.644591
21200000000,0.479459
21300000000,0.655199
21400000000,0.507512
21500000000,0.644591
21600000000,0.656495
21700000000,0.657359
21800000000,0.667535
21900000000,0.473264
22000000000,0.678143
22100000000,0.537514
22200000000,0.667967
22300000000,0.679439
22400000000,0.680303
22500000000,0.690047
22600000000,0.466637
22700000000,0.700909
22800000000,0.567085
22900000000,0.690479
23000000000,0.690911
23100000000,0.692207
23200000000,0.702383
23300000000,0.448971
23400000000,0.712559
23500000000,0.608559
23600000000,0.725327
23700000000,0.713423
23800000000,0.689357
23900000000,0.724946
24000000000,0.442344
24100000000,0.735935
24200000000,0.63813
24300000000,0.748271
24400000000,0.736367
24500000000,0.68273
24600000000,0.747839
24700000000,0.435718
24800000000,0.758879
24900000000,0.668132
25000000000,0.771215
25100000000,0.760607
25200000000,0.676104
25300000000,0.770783
25400000000,0.451122
25500000000,0.781823
25600000000,0.698135
25700000000,0.794591
25800000000,0.783119
25900000000,0.669477
26000000000,0.793727
26100000000,0.474707
26200000000,0.804335
26300000000,0.716166
26400000000,0.817535
26500000000,0.805199
26600000000,0.691847
26700000000,0.815807
26800000000,0.462292
26900000000,0.827279
27000000000,0.654259
27100000000,0.828143
27200000000,0.840047
27300000000,0.799211
27400000000,0.828143
27500000000,0.580264
27600000000,0.839183
27700000000,0.525247
27800000000,0.851087
27900000000,0.72125
28000000000,0.863423
28100000000,0.850655
28200000000,0.777675
28300000000,0.862127
28400000000,0.592712
28500000000,0.873167
28600000000,0.479679
28700000000,0.884639
28800000000,0.641698
28900000000,0.874895
29000000000,0.815621
29100000000,0.887231
29200000000,0.896543
29300000000,0.751272
29400000000,0.907151
29500000000,0.611765
29600000000,0.896111
29700000000,0.460786
29800000000,0.908015
29900000000,0.578917
30000000000,0.919919
30100000000,0.707384
30200000000,0.93218
30300000000,0.824379
30400000000,0.921647
30500000000,0.930527
30600000000,0.810914
30700000000,0.941567
30800000000,0.704882
30900000000,0.950012
31000000000,0.610044
31100000000,0.941999
31200000000,0.504088
31300000000,0.942301
31400000000,0.502495
31500000000,0.954335
31600000000,0.59741
31700000000,0.966239
31800000000,0.680853
31900000000,0.973112
32000000000,0.752824
32100000000,0.955209
32200000000,0.8367
32300000000,0.973381
32400000000,0.909103
32500000000,0.912018
32600000000,0.970034
32700000000,0.862559
32800000000,0.967874
32900000000,0.801627
33000000000,0.993598
33100000000,0.751736
33200000000,0.97967
33300000000,0.713317
33400000000,1.0
33500000000,0.68637
33600000000,0.969897
33700000000,0.64795
33800000000,1.0
33900000000,0.620571
34000000000,0.997647
34100000000,0.604664
34200000000,0.993212
34300000000,0.600228
34400000000,0.981315
34500000000,0.583889
34600000000,0.997655
34700000000,0.579454
34800000000,1.0
34900000000,0.586058
35000000000,0.997119
35100000000,0.604135
35200000000,1.0
35300000000,0.610308
35400000000,1.0
35500000000,0.616913
35600000000,1.0
35700000000,0.634989
35800000000,1.0
35900000000,0.663674
36000000000,1.0
36100000000,0.704263
36200000000,1.0
36300000000,0.733379
36400000000,1.0
36500000000,0.773968
36600000000,1.0
36700000000,0.825165
36800000000,1.0
36900000000,0.888265
37000000000,0.996379
37100000000,0.939894
37200000000,0.94475
37300000000,1.0
37400000000,0.882082
37500000000,1.0
37600000000,0.808373
37700000000,1.0
37800000000,0.72276
37900000000,1.0
38000000000,0.64862
38100000000,1.0
38200000000,0.563439
38300000000,1.0
38400000000,0.467218
38500000000,1.0
38600000000,0.54499
38700000000,1.0
38800000000,0.641643
38900000000,1.0
39000000000,0.749767
39100000000,1.0
39200000000,0.8685
39300000000,1.0
39400000000,0.999137
39500000000,0.886803
39600000000,1.0
39700000000,0.767639
39800000000,1.0
39900000000,0.648474
40000000000,1.0
40100000000,0.51827
40200000000,1.0
40300000000,0.528355
40400000000,1.0
40500000000,0.681071
40600000000,1.0
40700000000,0.822748
40800000000,1.0
40900000000,0.975897
41000000000,0.910907
41100000000,1.0
41200000000,0.746719
41300000000,1.0
41400000000,0.57149
41500000000,1.0
41600000000,0.498078
41700000000,1.0
41800000000,0.673739
41900000000,1.0
42000000000,0.860439
42100000000,1.0
42200000000,1.0
42300000000,0.828624
42400000000,1.0
42500000000,0.641924
42600000000,1.0
42700000000,0.462061
42800000000,1.0
42900000000,0.670841
43000000000,1.0
43100000000,0.891526
43200000000,0.996142
43300000000,1.0
43400000000,0.78693
43500000000,1.0
43600000000,0.566677
43700000000,1.0
43800000000,0.571723
43900000000,1.0
44000000000,0.803016
44100000000,1.0
44200000000,1.0
44300000000,0.841888
44400000000,1.0
44500000000,0.610163
44600000000,1.0
44700000000,0.539709
44800000000,1.0
44900000000,0.793946
45000000000,1.0
45100000000,1.0
45200000000,0.828878
45300000000,1.0
45400000000,0.574641
45500000000,1.0
45600000000,0.598175
45700000000,1.0
45800000000,0.874492
45900000000,1.0
46000000000,1.0
46100000000,0.726252
46200000000,1.0
46300000000,0.458036
46400000000,1.0
46500000000,0.746257
46600000000,1.0
46700000000,1.0
46800000000,0.843879
46900000000,1.0
47000000000,0.533146
47100000000,1.0
47200000000,0.674086
47300000000,1.0
47400000000,0.984387
47500000000,0.905009
47600000000,1.0
47700000000,0.583669
47800000000,1.0
47900000000,0.657979
48000000000,1.0
48100000000,0.979752
48200000000,0.909952
48300000000,1.0
48400000000,0.588304
48500000000,1.0
48600000000,0.653345
48700000000,1.0
48800000000,0.997629
48900000000,0.892631
49000000000,1.0
49100000000,0.536875
49200000000,1.0
49300000000,0.716246
49400000000,1.0
49500000000,1.0
49600000000,0.81869
49700000000,1.0
49800000000,0.457375
49900000000,1.0
50000000000,0.835643
50100000000,1.0
50200000000,1.0
50300000000,0.688253
50400000000,1.0
50500000000,0.599284
50600000000,1.0
50700000000,0.98816
50800000000,0.902532
50900000000,1.0
51000000000,0.502184
51100000000,1.0
51200000000,0.796825
51300000000,1.0
51400000000,1.0
51500000000,0.693951
51600000000,1.0
51700000000,0.628001
51800000000,1.0
51900000000,1.0
52000000000,0.840262
52100000000,1.0
52200000000,0.48169
52300000000,1.0
52400000000,0.89351
52500000000,0.998046
52600000000,1.0
52700000000,0.575185
52800000000,1.0
52900000000,0.769711
53000000000,1.0
53100000000,1.0
53200000000,0.676473
53300000000,1.0
53400000000,0.668424
53500000000,1.0
53600000000,1.0
53700000000,0.778192
53800000000,1.0
53900000000,0.589648
54000000000,1.0
54100000000,1.0
54200000000,0.834456
54300000000,1.0
54400000000,0.533385
54500000000,1.0
54600000000,1.0
54700000000,0.891151
54800000000,1.0
54900000000,0.499633
55000000000,1.0
55100000000,0.990462
55200000000,0.90239
55300000000,1.0
55400000000,0.488394
55500000000,1.0
55600000000,0.979222
55700000000,0.914062
55800000000,1.0
55900000000,0.499666
56000000000,1.0
56100000000,1.0
56200000000,0.880277
56300000000,1.0
56400000000,0.533451
56500000000,1.0
56600000000,1.0
56700000000,0.846925
56800000000,1.0
56900000000,0.589747
57000000000,1.0
57100000000,1.0
57200000000,0.768116
57300000000,1.0
57400000000,0.668556
57500000000,1.0
57600000000,1.0
57700000000,0.70078
57800000000,1.0
57900000000,0.747364
58000000000,1.0
58100000000,1.0
58200000000,0.599892
58300000000,1.0
58400000000,0.871197
58500000000,1.0
58600000000,1.0
58700000000,0.476059
58800000000,1.0
58900000000,0.995029
59000000000,0.899119
59100000000,1.0
59200000000,0.583009
59300000000,1.0
59400000000,1.0
59500000000,0.730263
59600000000,1.0
59700000000,0.751866
59800000000,1.0
59900000000,1.0
60000000000,0.561838
60100000000,1.0
60200000000,0.943394
60300000000,0.951346
60400000000,1.0
60500000000,0.554158
60600000000,1.0
60700000000,1.0
60800000000,0.737466
60900000000,1.0
61000000000,0.768038
61100000000,1.0
61200000000,1.0
61300000000,0.524017
61400000000,1.0
61500000000,1.0
61600000000,0.891013
61700000000,1.0
61800000000,0.648907
61900000000,1.0
62000000000,1.0
62100000000,0.632109
62200000000,1.0
62300000000,0.907811
62400000000,0.988065
62500000000,1.0
62600000000,0.563327
62700000000,1.0
62800000000,1.0
62900000000,0.684137
63000000000,1.0
63100000000,0.867256
63200000000,1.0
63300000000,1.0
63400000000,0.534676
63500000000,1.0
63600000000,1.0
63700000000,0.70218
63800000000,1.0
63900000000,0.883628
64000000000,1.0
64100000000,1.0
64200000000,0.561656
64300000000,1.0
64400000000,1.0
64500000000,0.66416
64600000000,1.0
64700000000,0.93312
64800000000,0.96362
64900000000,1.0
65000000000,0.645132
65100000000,1.0
65200000000,1.0
65300000000,0.569644
65400000000,1.0
65500000000,1.0
65600000000,0.857632
65700000000,1.0
65800000000,0.762593
65900000000,1.0
66000000000,1.0
66100000000,0.485645
66200000000,1.0
66300000000,1.0
66400000000,0.695579
66500000000,1.0
66600000000,0.924645
66700000000,0.972527
66800000000,1.0
66900000000,0.659169
67000000000,1.0
67100000000,1.0
67200000000,0.511447
67300000000,1.0
67400000000,1.0
67500000000,0.753979
67600000000,1.0
67700000000,0.889189
67800000000,1.0
67900000000,1.0
68000000000,0.646225
68100000000,1.0
68200000000,1.0
68300000000,0.502311
68400000000,1.0
68500000000,1.0
68600000000,0.722763
68700000000,1.0
68800000000,0.943349
68900000000,0.954687
69000000000,1.0
69100000000,0.711425
69200000000,1.0
69300000000,1.0
69400000000,0.491405
69500000000,1.0
69600000000,1.0
69700000000,0.635051
69800000000,1.0
69900000000,1.0
70000000000,0.832991
70100000000,1.0
70200000000,0.856065
70300000000,1.0
70400000000,1.0
70500000000,0.658125
70600000000,1.0
70700000000,1.0
70800000000,0.471657
70900000000,1.0
71000000000,1.0
71100000000,0.621247
71200000000,1.0
71300000000,1.0
71400000000,0.808147
71500000000,1.0
71600000000,0.915325
71700000000,0.984007
71800000000,1.0
71900000000,0.750937
72000000000,1.0
72100000000,1.0
72200000000,0.598453
72300000000,1.0
72400000000,1.0
72500000000,0.483843
72600000000,1.0
72700000000,1.0
72800000000,0.637191
72900000000,1.0
73000000000,1.0
73100000000,0.779067
73200000000,1.0
73300000000,0.990293
73400000000,0.909471
73500000000,1.0
73600000000,0.848417
73700000000,1.0
73800000000,1.0
73900000000,0.706973
74000000000,1.0
74100000000,1.0
74200000000,0.576569
74300000000,1.0
74400000000,1.0
74500000000,0.461567
74600000000,1.0
74700000000,1.0
74800000000,0.591011
74900000000,1.0
75000000000,0.500685
75100000000,0.026848
75200000000,0.023376
75300000000,0.022944
75400000000,0.023376
75500000000,0.022944
75600000000,0.034848
75700000000,0.034848
75800000000,0.023376
75900000000,0.023376
76000000000,0.022944
76100000000,0.034848
76200000000,0.03528
76300000000,0.046752
76400000000,0.046752
76500000000,0.046752
76600000000,0.046752
76700000000,0.05736
76800000000,0.046752
76900000000,0.046752
77000000000,0.058224
77100000000,0.058656
77200000000,0.070128
77300000000,0.070128
77400000000,0.080736
77500000000,0.070128
77600000000,0.069264
77700000000,0.070128
77800000000,0.070128
77900000000,0.081168
78000000000,0.082032
78100000000,0.091776
78200000000,0.104976
78300000000,0.104544
78400000000,0.093504
78500000000,0.093504
78600000000,0.09264
78700000000,0.093504
78800000000,0.104112
78900000000,0.11688
79000000000,0.115584
79100000000,0.127488
79200000000,0.128352
79300000000,0.116016
79400000000,0.11688
79500000000,0.126624
79600000000,0.139824
79700000000,0.13896
79800000000,0.150432
79900000000,0.151728
80000000000,0.13896
80100000000,0.117568
80200000000,0.138528
80300000000,0.150864
80400000000,0.151296
80500000000,0.162768
80600000000,0.163632
80700000000,0.172944
80800000000,0.148002
80900000000,0.161904
81000000000,0.175104
81100000000,0.173376
81200000000,0.185712
81300000000,0.186144
81400000000,0.195888
81500000000,0.178437
81600000000,0.184416
81700000000,0.197616
81800000000,0.197041
81900000000,0.208367
82000000000,0.20952
82100000000,0.218832
82200000000,0.208871
82300000000,0.207792
82400000000,0.209088
82500000000,0.208224
82600000000,0.219264
82700000000,0.221424
82800000000,0.230304
82900000000,0.244368
83000000000,0.241344
83100000000,0.232032
83200000000,0.2316
83300000000,0.243072
83400000000,0.243936
83500000000,0.253002
83600000000,0.267312
83700000000,0.265152
83800000000,0.254544
83900000000,0.254544
84000000000,0.266016
84100000000,0.267744
84200000000,0.276192
84300000000,0.289987
84400000000,0.288528
84500000000,0.277488
84600000000,0.277488
84700000000,0.288528
84800000000,0.290688
84900000000,0.298704
85000000000,0.312768
85100000000,0.310608
85200000000,0.300432
85300000000,0.300864
85400000000,0.300432
85500000000,0.278743
85600000000,0.310608
85700000000,0.323808
85800000000,0.322944
85900000000,0.334416
86000000000,0.33528
86100000000,0.323376
86200000000,0.272548
86300000000,0.333984
86400000000,0.346752
86500000000,0.345456
86600000000,0.35736
86700000000,0.358224
86800000000,0.345888
86900000000,0.265922
87000000000,0.356496
87100000000,0.369696
87200000000,0.368832
87300000000,0.381168
87400000000,0.3816
87500000000,0.368832
87600000000,0.259295
87700000000,0.379872
87800000000,0.393504
87900000000,0.391344
88000000000,0.404112
88100000000,0.404544
88200000000,0.391776
88300000000,0.2531
88400000000,0.401952
88500000000,0.416448
88600000000,0.415152
88700000000,0.415584
88800000000,0.415584
88900000000,0.42576
89000000000,0.260156
89100000000,0.413856
89200000000,0.427488
89300000000,0.427056
89400000000,0.438096
89500000000,0.439392
89600000000,0.448704
89700000000,0.290158
89800000000,0.437232
89900000000,0.450432
90000000000,0.45
90100000000,0.46104
90200000000,0.462336
90300000000,0.471648
90400000000,0.319729
90500000000,0.459744
90600000000,0.473376
90700000000,0.472512
90800000000,0.483984
90900000000,0.473607
91000000000,0.494592
91100000000,0.349732
91200000000,0.48312
91300000000,0.495888
91400000000,0.49632
91500000000,0.506496
91600000000,0.467412
91700000000,0.517104
91800000000,0.379734
91900000000,0.506928
92000000000,0.518832
92100000000,0.519264
92200000000,0.52944
92300000000,0.460786
92400000000,0.540912
92500000000,0.409305
92600000000,0.529008
92700000000,0.530304
92800000000,0.530304
92900000000,0.541776
93000000000,0.443119
93100000000,0.551952
93200000000,0.450347
93300000000,0.563856
93400000000,0.552816
93500000000,0.554112
93600000000,0.564288
93700000000,0.436493
93800000000,0.575327
93900000000,0.48035
94000000000,0.586799
94100000000,0.576285
94200000000,0.577056
94300000000,0.587231
94400000000,0.429866
94500000000,0.598271
94600000000,0.510352
94700000000,0.610175
94800000000,0.599999
94900000000,0.599567
95000000000,0.610175
95100000000,0.423672
95200000000,0.620783
95300000000,0.540355
95400000000,0.633119
95500000000,0.622511
95600000000,0.623375
95700000000,0.632687
95800000000,0.417045
95900000000,0.643727
96000000000,0.569925
96100000000,0.655631
96200000000,0.645455
96300000000,0.646319
96400000000,0.655631
96500000000,0.410418
96600000000,0.666671
96700000000,0.599928
96800000000,0.667967
96900000000,0.679871
97000000000,0.662276
97100000000,0.667103
97200000000,0.403792
97300000000,0.678575
97400000000,0.62993
97500000000,0.690911
97600000000,0.702383
97700000000,0.65565
97800000000,0.690047
97900000000,0.401016
98000000000,0.700655
98100000000,0.659501
98200000000,0.713423
98300000000,0.725327
98400000000,0.649023
98500000000,0.712991
98600000000,0.430587
98700000000,0.724463
98800000000,0.689503
98900000000,0.737231
99000000000,0.748271
99100000000,0.642829
99200000000,0.735503
99300000000,0.460589
99400000000,0.747839
99500000000,0.719506
99600000000,0.760175
99700000000,0.770783
99800000000,0.636202
99900000000,0.759665
100000000000,0.490592
100100000000,0.770351
100200000000,0.749077
100300000000,0.782687
100400000000,0.793727
100500000000,0.629576
100600000000,0.782687
100700000000,0.520594
100800000000,0.794159
100900000000,0.773094
101000000000,0.806063
101100000000,0.805199
101200000000,0.623448
101300000000,0.815807
101400000000,0.504143
101500000000,0.805199
101600000000,0.74517
101700000000,0.817535
101800000000,0.827711
101900000000,0.685356
102000000000,0.838751
102100000000,0.478313
102200000000,0.827279
102300000000,0.63867
102400000000,0.840479
102500000000,0.846145
102600000000,0.837743
102700000000,0.862127
102800000000,0.65278
102900000000,0.849791
103000000000,0.456777
103100000000,0.862127
103200000000,0.627086
103300000000,0.874463
103400000000,0.800577
103500000000,0.886737
103600000000,0.873599
103700000000,0.743804
103800000000,0.884639
103900000000,0.581785
104000000000,0.896543
104100000000,0.468958
104200000000,0.908447
104300000000,0.608465
104400000000,0.897839
104500000000,0.759444
104600000000,0.909311
104700000000,0.899383
104800000000,0.852905
104900000000,0.930373
105000000000,0.73591
105100000000,0.919055
105200000000,0.607011
105300000000,0.919055
105400000000,0.478544
105500000000,0.930527
105600000000,0.53872
105700000000,0.942863
105800000000,0.645035
105900000000,0.955199
106000000000,0.739518
106100000000,0.944159
106200000000,0.845473
106300000000,0.941232
106400000000,0.94082
106500000000,0.857789
106600000000,0.95172
106700000000,0.785385
106800000000,0.945157
106900000000,0.701942
107000000000,0.953029
107100000000,0.629971
107200000000,0.962023
107300000000,0.56904
107400000000,0.988151
107500000000,0.519148
107600000000,0.985934
107700000000,0.458217
107800000000,0.971264
107900000000,0.493166
108000000000,0.990107
108100000000,0.531585
108200000000,1.0
108300000000,0.558533
108400000000,0.997512
108500000000,0.596952
108600000000,0.987667
108700000000,0.624763
108800000000,1.0
108900000000,0.640671
109000000000,1.0
109100000000,0.645106
109200000000,1.0
109300000000,0.661445
109400000000,1.0
109500000000,0.666312
109600000000,1.0
109700000000,0.659708
109800000000,1.0
109900000000,0.653103
110000000000,1.0
110100000000,0.635458
110200000000,1.0
110300000000,0.628854
110400000000,1.0
110500000000,0.611209
110600000000,1.0
110700000000,0.582524
110800000000,1.0
110900000000,0.541936
111000000000,1.0
111100000000,0.512819
111200000000,1.0
111300000000,0.472662
111400000000,1.0
111500000000,0.482186
111600000000,1.0
111700000000,0.544855
111800000000,1.0
111900000000,0.596484
112000000000,1.0
112100000000,0.659584
112200000000,1.0
112300000000,0.733293
112400000000,1.0
112500000000,0.818905
112600000000,1.0
112700000000,0.893046
112800000000,0.99203
112900000000,0.978659
113000000000,0.906849
113100000000,1.0
113200000000,0.810197
113300000000,1.0
113400000000,0.702504
113500000000,1.0
113600000000,0.605851
113700000000,1.0
113800000000,0.509199
113900000000,1.0
114000000000,0.50301
114100000000,1.0
114200000000,0.621742
114300000000,1.0
114400000000,0.752379
114500000000,1.0
114600000000,0.871544
114700000000,1.0
114800000000,1.0
114900000000,0.884192
115000000000,1.0
115100000000,0.742515
115200000000,1.0
115300000000,0.589799
115400000000,1.0
115500000000,0.456826
115600000000,1.0
115700000000,0.609974
115800000000,1.0
115900000000,0.774163
116000000000,1.0
116100000000,0.949391
116200000000,0.936981
116300000000,1.0
116400000000,0.773224
116500000000,1.0
116600000000,0.597995
116700000000,1.0
116800000000,0.494517
116900000000,1.0
117000000000,0.69269
117100000000,1.0
117200000000,0.87939
117300000000,1.0
117400000000,1.0
117500000000,0.810105
117600000000,1.0
117700000000,0.601325
117800000000,1.0
117900000000,0.514132
118000000000,1.0
118100000000,0.734816
118200000000,1.0
118300000000,0.944029
118400000000,0.943639
118500000000,1.0
118600000000,0.723387
118700000000,1.0
118800000000,0.492094
118900000000,1.0
119000000000,0.657778
119100000000,1.0
119200000000,0.889503
119300000000,0.998597
119400000000,1.0
119500000000,0.755833
119600000000,1.0
119700000000,0.501596
119800000000,1.0
119900000000,0.67122
120000000000,1.0
120100000000,0.925456
120200000000,0.963075
120300000000,1.0
120400000000,0.697799
120500000000,1.0
120600000000,0.486489
120700000000,1.0
120800000000,0.774278
120900000000,1.0
121000000000,1.0
121100000000,0.837938
121200000000,1.0
121300000000,0.550149
121400000000,1.0
121500000000,0.657083
121600000000,1.0
121700000000,0.967816
121800000000,0.92158
121900000000,1.0
122000000000,0.62232
122100000000,1.0
122200000000,0.584912
122300000000,1.0
122400000000,0.895213
122500000000,0.994183
122600000000,1.0
122700000000,0.672843
122800000000,1.0
122900000000,0.568806
123000000000,1.0
123100000000,0.890578
123200000000,0.99925
123300000000,1.0
123400000000,0.666437
123500000000,1.0
123600000000,0.586683
123700000000,1.0
123800000000,0.942439
123900000000,0.947821
124000000000,1.0
124100000000,0.603536
124200000000,1.0
124300000000,0.661056
124400000000,1.0
124500000000,1.0
124600000000,0.86284
124700000000,1.0
124800000000,0.484571
124900000000,1.0
125000000000,0.791493
125100000000,1.0
125200000000,1.0
125300000000,0.721362
125400000000,1.0
125500000000,0.577646
125600000000,1.0
125700000000,0.977994
125800000000,0.912698
125900000000,1.0
126000000000,0.523821
126100000000,1.0
126200000000,0.786659
126300000000,1.0
126400000000,1.0
126500000000,0.693077
126600000000,1.0
126700000000,0.628876
126800000000,1.0
126900000000,1.0
127000000000,0.839388
127100000000,1.0
127200000000,0.482564
127300000000,1.0
127400000000,0.905856
127500000000,0.986131
127600000000,1.0
127700000000,0.551799
127800000000,1.0
127900000000,0.804569
128000000000,1.0
128100000000,1.0
128200000000,0.653087
128300000000,1.0
128400000000,0.703282
128500000000,1.0
128600000000,1.0
128700000000,0.732294
128800000000,1.0
128900000000,0.647018
129000000000,1.0
129100000000,1.0
129200000000,0.788557
129300000000,1.0
129400000000,0.590755
129500000000,1.0
129600000000,1.0
129700000000,0.822741
129800000000,1.0
129900000000,0.579515
130000000000,1.0
130100000000,1.0
130200000000,0.83398
130300000000,1.0
130400000000,0.568276
130500000000,1.0
130600000000,1.0
130700000000,0.82314
130800000000,1.0
130900000000,0.60206
131000000000,1.0
131100000000,1.0
131200000000,0.789355
131300000000,1.0
131400000000,0.635845
131500000000,1.0
131600000000,1.0
131700000000,0.733491
131800000000,1.0
131900000000,0.703181
132000000000,1.0
132100000000,1.0
132200000000,0.654682
132300000000,1.0
132400000000,0.78199
132500000000,1.0
132600000000,1.0
132700000000,0.576306
132800000000,1.0
132900000000,0.88331
133000000000,1.0
133100000000,1.0
133200000000,0.46025
133300000000,1.0
133400000000,1.0
133500000000,0.887005
133600000000,1.0
133700000000,0.584083
133800000000,1.0
133900000000,1.0
134000000000,0.741093
134100000000,1.0
134200000000,0.752939
134300000000,1.0
134400000000,1.0
134500000000,0.572237
134600000000,1.0
134700000000,0.910324
134800000000,0.983824
134900000000,1.0
135000000000,0.510208
135100000000,1.0
135200000000,1.0
135300000000,0.792888
135400000000,1.0
135500000000,0.724088
135600000000,1.0
135700000000,1.0
135800000000,0.579008
135900000000,1.0
136000000000,0.937968
136100000000,0.957476
136200000000,1.0
136300000000,0.570973
136400000000,1.0
136500000000,1.0
136600000000,0.698571
136700000000,1.0
136800000000,0.829877
136900000000,1.0
137000000000,1.0
137100000000,0.474353
137200000000,1.0
137300000000,1.0
137400000000,0.784583
137500000000,1.0
137600000000,0.778281
137700000000,1.0
137800000000,1.0
137900000000,0.480655
138000000000,1.0
138100000000,1.0
138200000000,0.813666
138300000000,1.0
138400000000,0.76067
138500000000,1.0
138600000000,1.0
138700000000,0.464714
138800000000,1.0
138900000000,1.0
139000000000,0.786686
139100000000,1.0
139200000000,0.799122
139300000000,1.0
139400000000,1.0
139500000000,0.499662
139600000000,1.0
139700000000,1.0
139800000000,0.703642
139900000000,1.0
140000000000,0.893638
140100000000,1.0
140200000000,1.0
140300000000,0.606082
140400000000,1.0
140500000000,1.0
140600000000,0.586614
140700000000,1.0
140800000000,1.0
140900000000,0.863562
141000000000,1.0
141100000000,0.768134
141200000000,1.0
141300000000,1.0
141400000000,0.491187
141500000000,1.0
141600000000,1.0
141700000000,0.690469
141800000000,1.0
141900000000,0.952699
142000000000,0.944473
142100000000,1.0
142200000000,0.709826
142300000000,1.0
142400000000,1.0
142500000000,0.460449
142600000000,1.0
142700000000,1.0
142800000000,0.703845
142900000000,1.0
143000000000,0.962267
143100000000,0.935769
143200000000,1.0
143300000000,0.730343
143400000000,1.0
143500000000,1.0
143600000000,0.509891
143700000000,1.0
143800000000,1.0
143900000000,0.638645
144000000000,1.0
144100000000,1.0
144200000000,0.859097
144300000000,1.0
144400000000,0.829959
144500000000,1.0
144600000000,1.0
144700000000,0.632019
144800000000,1.0
144900000000,1.0
145000000000,0.494437
145100000000,1.0
145200000000,1.0
145300000000,0.692809
145400000000,1.0
145500000000,1.0
145600000000,0.879277
145700000000,1.0
145800000000,0.844195
145900000000,1.0
146000000000,1.0
146100000000,0.657295
146200000000,1.0
146300000000,1.0
146400000000,0.481867
146500000000,1.0
146600000000,1.0
146700000000,0.600429
146800000000,1.0
146900000000,1.0
147000000000,0.752913
147100000000,1.0
147200000000,0.981698
147300000000,0.917301
147400000000,1.0
147500000000,0.817643
147600000000,1.0
147700000000,1.0
147800000000,0.664727
147900000000,1.0
148000000000,1.0
148100000000,0.522851
148200000000,1.0
148300000000,1.0
148400000000,0.525893
148500000000,1.0
148600000000,1.0
148700000000,0.667337
148800000000,1.0
148900000000,1.0
149000000000,0.798173
149100000000,1.0
149200000000,0.982658
149300000000,0.917538
149400000000,1.0
149500000000,0.86659
149600000000,1.0
149700000000,1.0
149800000000,0.046923
149900000000,0.023376
150000000000,0.023376
150100000000,0.023376
150200000000,0.023376
150300000000,0.023376
150400000000,0.034848
150500000000,0.023376
150600000000,0.023376
150700000000,0.023376
150800000000,0.023376
150900000000,0.034848
151000000000,0.03528
151100000000,0.045888
151200000000,0.046752
151300000000,0.04632
151400000000,0.058224
151500000000,0.058224
151600000000,0.046752
151700000000,0.046752
151800000000,0.05736
151900000000,0.070128
152000000000,0.069696
152100000000,0.0816
152200000000,0.0816
152300000000,0.070128
152400000000,0.070128
152500000000,0.069264
152600000000,0.0816
152700000000,0.082032
152800000000,0.093504
152900000000,0.093504
153000000000,0.104544
153100000000,0.104976
153200000000,0.09264
153300000000,0.093504
153400000000,0.09264
153500000000,0.104976
153600000000,0.105408
153700000000,0.116016
153800000000,0.11688
153900000000,0.126624
154000000000,0.11688
154100000000,0.116448
154200000000,0.12792
154300000000,0.128784
154400000000,0.13896
154500000000,0.140256
154600000000,0.15
154700000000,0.140256
154800000000,0.138528
154900000000,0.139392
155000000000,0.140256
155100000000,0.149568
155200000000,0.136955
155300000000,0.16104
155400000000,0.174672
155500000000,0.173376
155600000000,0.162336
155700000000,0.163632
155800000000,0.172512
155900000000,0.139517
156000000000,0.184416
156100000000,0.197616
156200000000,0.195888
156300000000,0.184848
156400000000,0.186576
156500000000,0.19632
156600000000,0.169952
156700000000,0.206928
156800000000,0.220128
156900000000,0.219264
157000000000,0.209088
157100000000,0.20952
157200000000,0.20736
157300000000,0.199955
157400000000,0.219264
157500000000,0.23179
157600000000,0.2316
157700000000,0.243072
157800000000,0.243936
157900000000,0.230304
158000000000,0.229957
158100000000,0.24264
158200000000,0.255408
158300000000,0.254112
158400000000,0.266016
158500000000,0.266448
158600000000,0.25368
158700000000,0.25996
158800000000,0.26472
158900000000,0.278352
159000000000,0.277442
159100000000,0.288528
159200000000,0.289824
159300000000,0.276624
159400000000,0.28953
159500000000,0.288528
159600000000,0.301296
159700000000,0.300864
159800000000,0.311472
159900000000,0.3132
160000000000,0.299136
160100000000,0.301728
160200000000,0.299136
160300000000,0.311904
160400000000,0.312336
160500000000,0.323376
160600000000,0.310514
160700000000,0.33312
160800000000,0.324672
160900000000,0.322512
161000000000,0.334848
161100000000,0.335712
161200000000,0.34632
161300000000,0.303977
161400000000,0.356496
161500000000,0.347184
161600000000,0.34632
161700000000,0.357792
161800000000,0.358656
161900000000,0.369264
162000000000,0.29735
162100000000,0.379222
162200000000,0.370128
162300000000,0.3684
162400000000,0.380304
162500000000,0.38139
162600000000,0.391776
162700000000,0.290724
162800000000,0.402384
162900000000,0.393072
163000000000,0.391776
163100000000,0.403248
163200000000,0.404976
163300000000,0.41472
163400000000,0.284529
163500000000,0.414288
163600000000,0.427488
163700000000,0.42576
163800000000,0.41472
163900000000,0.416448
164000000000,0.426192
164100000000,0.277902
164200000000,0.4368
164300000000,0.45
164400000000,0.449568
164500000000,0.43896
164600000000,0.43896
164700000000,0.449136
164800000000,0.281674
164900000000,0.460176
165000000000,0.472944
165100000000,0.472512
165200000000,0.461472
165300000000,0.462336
165400000000,0.47208
165500000000,0.311676
165600000000,0.483552
165700000000,0.495888
165800000000,0.495024
165900000000,0.484416
166000000000,0.48535
166100000000,0.494592
166200000000,0.341247
166300000000,0.505632
166400000000,0.5184
166500000000,0.5184
166600000000,0.50736
166700000000,0.498841
166800000000,0.517536
166900000000,0.37125
167000000000,0.52944
167100000000,0.54264
167200000000,0.541776
167300000000,0.530163
167400000000,0.492214
167500000000,0.529008
167600000000,0.40082
167700000000,0.54048
167800000000,0.55368
167900000000,0.552816
168000000000,0.564288
168100000000,0.485588
168200000000,0.552795
168300000000,0.430391
168400000000,0.563856
168500000000,0.576623
168600000000,0.576623
168700000000,0.586799
168800000000,0.479393
168900000000,0.575327
169000000000,0.460393
169100000000,0.587231
169200000000,0.599135
169300000000,0.599567
169400000000,0.609743
169500000000,0.472767
169600000000,0.598271
169700000000,0.490396
169800000000,0.609924
169900000000,0.622079
170000000000,0.622079
170100000000,0.632687
170200000000,0.46614
170300000000,0.621215
170400000000,0.519966
170500000000,0.633551
170600000000,0.645023
170700000000,0.645887
170800000000,0.655199
170900000000,0.459946
171000000000,0.643727
171100000000,0.549969
171200000000,0.656495
171300000000,0.667967
171400000000,0.668831
171500000000,0.667967
171600000000,0.441847
171700000000,0.678143
171800000000,0.568499
171900000000,0.667535
172000000000,0.679007
172100000000,0.680735
172200000000,0.690911
172300000000,0.43522
172400000000,0.701087
172500000000,0.598502
172600000000,0.690911
172700000000,0.702815
172800000000,0.676038
172900000000,0.713423
173000000000,0.429026
173100000000,0.724463
173200000000,0.628504
173300000000,0.713884
173400000000,0.725759
173500000000,0.669412
173600000000,0.736367
173700000000,0.422399
173800000000,0.746975
173900000000,0.658075
174000000000,0.736799
174100000000,0.748703
174200000000,0.662785
174300000000,0.759311
174400000000,0.441065
174500000000,0.770351
174600000000,0.688077
174700000000,0.760175
174800000000,0.771215
174900000000,0.656591
175000000000,0.781823
175100000000,0.471067
175200000000,0.793727
175300000000,0.71808
175400000000,0.783119
175500000000,0.794159
175600000000,0.649964
175700000000,0.804767
175800000000,0.489099
175900000000,0.804767
176000000000,0.730126
176100000000,0.817535
176200000000,0.806063
176300000000,0.677888
176400000000,0.816671
176500000000,0.449703
176600000000,0.827711
176700000000,0.66865
176800000000,0.840047
176900000000,0.828143
177000000000,0.784819
177100000000,0.839183
177200000000,0.577776
177300000000,0.850344
177400000000,0.516695
177500000000,0.862559
177600000000,0.701658
177700000000,0.852383
177800000000,0.862127
177900000000,0.797268
178000000000,0.872735
178100000000,0.623777
178200000000,0.884207
178300000000,0.461757
178400000000,0.873599
178500000000,0.611066
178600000000,0.886367
178700000000,0.773517
178800000000,0.897839
178900000000,0.907583
179000000000,0.816321
179100000000,0.896111
179200000000,0.665342
179300000000,0.908015
179400000000,0.525402
179500000000,0.919487
179600000000,0.502829
179700000000,0.930959
179800000000,0.619824
179900000000,0.920351
180000000000,0.748723
180100000000,0.920783
180200000000,0.87719
180300000000,0.886571
180400000000,0.941567
180500000000,0.780615
180600000000,0.949495
180700000000,0.686132
180800000000,0.941999
180900000000,0.580177
181000000000,0.954264
181100000000,0.485262
181200000000,0.945987
181300000000,0.49881
181400000000,0.970816
181500000000,0.571213
181600000000,0.956479
181700000000,0.654656
181800000000,0.974813
181900000000,0.727059
182000000000,0.985859
182100000000,0.787991
182200000000,0.990807
182300000000,0.837882
182400000000,0.983671
182500000000,0.898813
182600000000,0.93378
182700000000,0.948704
182800000000,0.89536
182900000000,0.987556
183000000000,0.868413
183100000000,0.995896
183200000000,0.829994
183300000000,0.977395
183400000000,0.802615
183500000000,1.0
183600000000,0.786707
183700000000,1.0
183800000000,0.782272
183900000000,1.0
184000000000,0.765933
184100000000,1.0
184200000000,0.761497
184300000000,1.0
184400000000,0.768102
184500000000,1.0
184600000000,0.774578
184700000000,1.0
184800000000,0.792351
184900000000,1.0
185000000000,0.798956
185100000000,1.0
185200000000,0.817033
185300000000,1.0
185400000000,0.845718
185500000000,1.0
185600000000,0.886306
185700000000,0.997906
185800000000,0.915423
185900000000,0.968789
186000000000,0.955579
186100000000,0.928632
186200000000,1.0
186300000000,0.877004
186400000000,1.0
186500000000,0.814335
186600000000,1.0
186700000000,0.762707
186800000000,1.0
186900000000,0.700038
187000000000,1.0
187100000000,0.626329
187200000000,1.0
187300000000,0.540717
187400000000,1.0
187500000000,0.466576
187600000000,1.0
187700000000,0.522689
187800000000,1.0
187900000000,0.618909
188000000000,1.0
188100000000,0.727034
188200000000,1.0
188300000000,0.823686
188400000000,1.0
188500000000,0.920339
188600000000,0.965169
188700000000,1.0
188800000000,0.857476
188900000000,1.0
189000000000,0.738744
189100000000,1.0
189200000000,0.608107
189300000000,1.0
189400000000,0.488943
189500000000,1.0
189600000000,0.54621
189700000000,1.0
189800000000,0.687455
189900000000,1.0
190000000000,0.840603
190100000000,1.0
190200000000,0.98228
190300000000,0.904092
190400000000,1.0
190500000000,0.751376
190600000000,1.0
190700000000,0.587187
190800000000,1.0
190900000000,0.493853
191000000000,1.0
191100000000,0.65761
191200000000,1.0
191300000000,0.83327
191400000000,1.0
191500000000,1.0
191600000000,0.867265
191700000000,1.0
191800000000,0.669093
191900000000,1.0
192000000000,0.482392
192100000000,1.0
192200000000,0.62116
192300000000,1.0
192400000000,0.830373
192500000000,1.0
192600000000,1.0
192700000000,0.848082
192800000000,1.0
192900000000,0.627398
193000000000,1.0
193100000000,0.488059
193200000000,1.0
193300000000,0.708743
193400000000,1.0
193500000000,0.940036
193600000000,0.947632
193700000000,1.0
193800000000,0.704868
193900000000,1.0
194000000000,0.473143
194100000000,1.0
194200000000,0.676729
194300000000,1.0
194400000000,0.930965
194500000000,0.957567
194600000000,1.0
194700000000,0.691858
194800000000,1.0
194900000000,0.469486
195000000000,1.0
195100000000,0.734763
195200000000,1.0
195300000000,1.0
195400000000,0.877021
195500000000,1.0
195600000000,0.589232
195700000000,1.0
195800000000,0.595056
195900000000,1.0
196000000000,0.883277
196100000000,1.0
196200000000,1.0
196300000000,0.706859
196400000000,1.0
196500000000,0.511845
196600000000,1.0
196700000000,0.811106
196800000000,1.0
196900000000,1.0
197000000000,0.77903
197100000000,1.0
197200000000,0.469161
197300000000,1.0
197400000000,0.761015
197500000000,1.0
197600000000,1.0
197700000000,0.795568
197800000000,1.0
197900000000,0.473796
198000000000,1.0
198100000000,0.767852
198200000000,1.0
198300000000,1.0
198400000000,0.778123
198500000000,1.0
198600000000,0.486469
198700000000,1.0
198800000000,0.830754
198900000000,1.0
199000000000,1.0
199100000000,0.704182
199200000000,1.0
199300000000,0.571882
199400000000,1.0
199500000000,0.950151
199600000000,0.940541
199700000000,1.0
199800000000,0.573745
199900000000,1.0
