0,0.000928
100000000,0.115152
200000000,0.116016
300000000,0.161472
400000000,0.163632
500000000,0.240912
600000000,0.207193
700000000,0.37944
800000000,0.456366
900000000,0.552816
1000000000,0.718306
1100000000,0.829439
1200000000,0.941141
1300000000,1.0
1400000000,0.754441
1500000000,1.0
1600000000,0.957559
1700000000,0.941341
1800000000,1.0
1900000000,0.832851
2000000000,1.0
2100000000,0.994703
2200000000,0.890901
2300000000,1.0
2400000000,0.513704
2500000000,1.0
2600000000,1.0
2700000000,0.612975
2800000000,0.614591
2900000000,0.871521
3000000000,0.850848
3100000000,1.0
3200000000,1.0
3300000000,0.567192
3400000000,0.724463
3500000000,0.713423
3600000000,0.715151
3700000000,0.724031
3800000000,0.485008
3900000000,0.735503
4000000000,0.595467
4100000000,0.748271
4200000000,0.735935
4300000000,0.725394
4400000000,0.747407
4500000000,0.478381
4600000000,0.758879
4700000000,0.625469
4800000000,0.771215
4900000000,0.760175
5000000000,0.718767
5100000000,0.770351
5200000000,0.472186
5300000000,0.780959
5400000000,0.655472
5500000000,0.793727
5600000000,0.782687
5700000000,0.712573
5800000000,0.793295
5900000000,0.46556
6000000000,0.804767
6100000000,0.673503
6200000000,0.817103
6300000000,0.806063
6400000000,0.734943
6500000000,0.816671
6600000000,0.504956
6700000000,0.827711
6800000000,0.611596
6900000000,0.840047
7000000000,0.819071
7100000000,0.829871
7200000000,0.827711
7300000000,0.623359
7400000000,0.838751
7500000000,0.482584
7600000000,0.850223
7700000000,0.678587
7800000000,0.862991
7900000000,0.851519
8000000000,0.820339
8100000000,0.861695
8200000000,0.635807
8300000000,0.873146
8400000000,0.461884
8500000000,0.884639
8600000000,0.599035
8700000000,0.874463
8800000000,0.772958
8900000000,0.886799
9000000000,0.896111
9100000000,0.794066
9200000000,0.907151
9300000000,0.654428
9400000000,0.896433
9500000000,0.503449
9600000000,0.90811
9700000000,0.536254
9800000000,0.919919
9900000000,0.664721
10000000000,0.931823
10100000000,0.781716
10200000000,0.921215
10300000000,0.910183
10400000000,0.853577
10500000000,0.941605
10600000000,0.747622
10700000000,0.953039
10800000000,0.652707
10900000000,0.939735
11000000000,0.546752
11100000000,0.941999
11200000000,0.459712
11300000000,0.954335
11400000000,0.554747
11500000000,0.966239
11600000000,0.63819
11700000000,0.977711
11800000000,0.710161
11900000000,0.966671
12000000000,0.794036
12100000000,0.979007
12200000000,0.86644
12300000000,0.954681
12400000000,0.927371
12500000000,0.905222
12600000000,0.977262
12700000000,0.844291
12800000000,0.962666
12900000000,0.794831
13000000000,0.997842
13100000000,0.75598
13200000000,0.975426
13300000000,0.729033
13400000000,1.0
13500000000,0.690613
13600000000,0.980646
13700000000,0.663234
13800000000,0.993465
13900000000,0.647327
14000000000,1.0
14100000000,0.642892
14200000000,1.0
14300000000,0.626984
14400000000,1.0
14500000000,0.622117
14600000000,1.0
14700000000,0.628722
14800000000,1.0
14900000000,0.646798
15000000000,1.0
15100000000,0.652971
15200000000,1.0
15300000000,0.659576
15400000000,0.997987
15500000000,0.677652
15600000000,1.0
15700000000,0.706769
15800000000,1.0
15900000000,0.746926
16000000000,1.0
16100000000,0.776042
16200000000,1.0
16300000000,0.816631
16400000000,1.0
16500000000,0.867828
16600000000,1.0
16700000000,0.930928
16800000000,0.953716
16900000000,0.982557
17000000000,0.902087
17100000000,1.0
17200000000,0.839418
17300000000,1.0
17400000000,0.765278
17500000000,1.0
17600000000,0.680097
17700000000,1.0
17800000000,0.605956
17900000000,1.0
18000000000,0.520776
18100000000,1.0
18200000000,0.479961
18300000000,1.0
18400000000,0.587653
18500000000,1.0
18600000000,0.684306
18700000000,1.0
18800000000,0.792431
18900000000,1.0
19000000000,0.911595
19100000000,0.974345
19200000000,1.0
19300000000,0.843708
19400000000,1.0
19500000000,0.724976
19600000000,1.0
19700000000,0.605811
19800000000,1.0
19900000000,0.475606
20000000000,1.0
20100000000,0.571018
20200000000,1.0
20300000000,0.723735
20400000000,1.0
20500000000,0.865411
20600000000,1.0
20700000000,1.0
20800000000,0.868244
20900000000,1.0
21000000000,0.704056
21100000000,1.0
21200000000,0.528395
21300000000,1.0
21400000000,0.541173
21500000000,1.0
21600000000,0.716402
21700000000,1.0
21800000000,0.903103
21900000000,0.984133
22000000000,1.0
22100000000,0.785961
22200000000,1.0
22300000000,0.59926
22400000000,1.0
22500000000,0.504724
22600000000,1.0
22700000000,0.713505
22800000000,1.0
22900000000,0.934189
23000000000,0.953479
23100000000,1.0
23200000000,0.744266
23300000000,1.0
23400000000,0.524014
23500000000,1.0
23600000000,0.614387
23700000000,1.0
23800000000,0.857583
23900000000,1.0
24000000000,1.0
24100000000,0.798792
24200000000,1.0
24300000000,0.5675
24400000000,1.0
24500000000,0.582373
24600000000,1.0
24700000000,0.836609
24800000000,1.0
24900000000,1.0
25000000000,0.786214
25100000000,1.0
25200000000,0.531978
25300000000,1.0
25400000000,0.640838
25500000000,1.0
25600000000,0.917155
25700000000,0.971377
25800000000,1.0
25900000000,0.683589
26000000000,1.0
26100000000,0.5007
26200000000,1.0
26300000000,0.78892
26400000000,1.0
26500000000,1.0
26600000000,0.801215
26700000000,1.0
26800000000,0.490483
26900000000,1.0
27000000000,0.716749
27100000000,1.0
27200000000,1.0
27300000000,0.862346
27400000000,1.0
27500000000,0.540574
27600000000,1.0
27700000000,0.701075
27800000000,1.0
27900000000,1.0
28000000000,0.866981
28100000000,1.0
28200000000,0.54564
28300000000,1.0
28400000000,0.696008
28500000000,1.0
28600000000,1.0
28700000000,0.849968
28800000000,1.0
28900000000,0.494211
29000000000,1.0
29100000000,0.758909
29200000000,1.0
29300000000,1.0
29400000000,0.776027
29500000000,1.0
29600000000,0.500038
29700000000,1.0
29800000000,0.878306
29900000000,1.0
30000000000,1.0
30100000000,0.645589
30200000000,1.0
30300000000,0.641947
30400000000,1.0
30500000000,1.0
30600000000,0.859869
30700000000,1.0
30800000000,0.45952
30900000000,1.0
31000000000,0.839488
31100000000,1.0
31200000000,1.0
31300000000,0.65128
31400000000,1.0
31500000000,0.670665
31600000000,1.0
31700000000,1.0
31800000000,0.797392
31900000000,1.0
32000000000,0.524353
32100000000,1.0
32200000000,0.936174
32300000000,0.954976
32400000000,1.0
32500000000,0.532522
32600000000,1.0
32700000000,0.812374
32800000000,1.0
32900000000,1.0
33000000000,0.633809
33100000000,1.0
33200000000,0.711087
33300000000,1.0
33400000000,1.0
33500000000,0.735529
33600000000,1.0
33700000000,0.632311
33800000000,1.0
33900000000,1.0
34000000000,0.791792
34100000000,1.0
34200000000,0.576048
34300000000,1.0
34400000000,1.0
34500000000,0.848488
34600000000,1.0
34700000000,0.542297
34800000000,1.0
34900000000,1.0
35000000000,0.859727
35100000000,1.0
35200000000,0.531057
35300000000,1.0
35400000000,1.0
35500000000,0.871399
35600000000,1.0
35700000000,0.54233
35800000000,1.0
35900000000,1.0
36000000000,0.837614
36100000000,1.0
36200000000,0.576114
36300000000,1.0
36400000000,1.0
36500000000,0.804262
36600000000,1.0
36700000000,0.632411
36800000000,1.0
36900000000,1.0
37000000000,0.725453
37100000000,1.0
37200000000,0.711219
37300000000,1.0
37400000000,1.0
37500000000,0.658117
37600000000,1.0
37700000000,0.790027
37800000000,1.0
37900000000,1.0
38000000000,0.557228
38100000000,1.0
38200000000,0.91386
38300000000,0.979856
38400000000,1.0
38500000000,0.47976
38600000000,1.0
38700000000,1.0
38800000000,0.856456
38900000000,1.0
39000000000,0.626104
39100000000,1.0
39200000000,1.0
39300000000,0.687599
39400000000,1.0
39500000000,0.794961
39600000000,1.0
39700000000,1.0
39800000000,0.519175
39900000000,1.0
40000000000,0.986329
40100000000,0.908683
40200000000,1.0
40300000000,0.608293
40400000000,1.0
40500000000,1.0
40600000000,0.694802
40700000000,1.0
40800000000,0.810702
40900000000,1.0
41000000000,1.0
41100000000,0.481354
41200000000,1.0
41300000000,1.0
41400000000,0.84835
41500000000,1.0
41600000000,0.69157
41700000000,1.0
41800000000,1.0
41900000000,0.589446
42000000000,1.0
42100000000,0.950474
42200000000,0.94497
42300000000,1.0
42400000000,0.606423
42500000000,1.0
42600000000,1.0
42700000000,0.641041
42800000000,1.0
42900000000,0.910351
43000000000,0.985525
43100000000,1.0
43200000000,0.577339
43300000000,1.0
43400000000,1.0
43500000000,0.659517
43600000000,1.0
43700000000,0.926291
43800000000,0.970017
43900000000,1.0
44000000000,0.604319
44100000000,1.0
44200000000,1.0
44300000000,0.621497
44400000000,1.0
44500000000,0.975783
44600000000,0.920957
44700000000,1.0
44800000000,0.687796
44900000000,1.0
45000000000,1.0
45100000000,0.52698
45200000000,1.0
45300000000,1.0
45400000000,0.814968
45500000000,1.0
45600000000,0.805256
45700000000,1.0
45800000000,1.0
45900000000,0.528308
46000000000,1.0
46100000000,1.0
46200000000,0.652916
46300000000,1.0
46400000000,0.967308
46500000000,0.929864
46600000000,1.0
46700000000,0.701832
46800000000,1.0
46900000000,1.0
47000000000,0.468784
47100000000,1.0
47200000000,1.0
47300000000,0.711316
47400000000,1.0
47500000000,0.931852
47600000000,0.965752
47700000000,1.0
47800000000,0.688888
47900000000,1.0
48000000000,1.0
48100000000,0.459648
48200000000,1.0
48300000000,1.0
48400000000,0.6801
48500000000,1.0
48600000000,0.986012
48700000000,0.911592
48800000000,1.0
48900000000,0.75452
49000000000,1.0
49100000000,1.0
49200000000,0.534068
49300000000,1.0
49400000000,1.0
49500000000,0.592388
49600000000,1.0
49700000000,1.0
49800000000,0.790328
49900000000,1.0
50000000000,0.898728
50100000000,0.99974
50200000000,1.0
50300000000,0.700788
50400000000,1.0
50500000000,1.0
50600000000,0.51432
50700000000,1.0
50800000000,1.0
50900000000,0.578584
51000000000,1.0
51100000000,1.0
51200000000,0.765484
51300000000,1.0
51400000000,0.957988
51500000000,0.941344
51600000000,1.0
51700000000,0.7936
51800000000,1.0
51900000000,1.0
52000000000,0.641116
52100000000,1.0
52200000000,1.0
52300000000,0.476728
52400000000,1.0
52500000000,1.0
52600000000,0.594528
52700000000,1.0
52800000000,1.0
52900000000,0.736404
53000000000,1.0
53100000000,1.0
53200000000,0.866376
53300000000,1.0
53400000000,0.891512
53500000000,1.0
53600000000,1.0
53700000000,0.749636
53800000000,1.0
53900000000,1.0
54000000000,0.619232
54100000000,1.0
54200000000,1.0
54300000000,0.499868
54400000000,1.0
54500000000,1.0
54600000000,0.549468
54700000000,1.0
54800000000,0.542228
54900000000,0.953903
55000000000,0.468995
55100000000,0.942863
55200000000,0.57495
55300000000,0.954335
55400000000,0.670297
55500000000,0.962124
55600000000,0.753741
55700000000,0.965602
55800000000,0.825712
55900000000,0.967535
56000000000,0.909587
56100000000,0.900494
56200000000,0.98199
56300000000,0.839562
56400000000,0.967394
56500000000,0.789671
56600000000,0.970602
56700000000,0.72874
56800000000,0.996693
56900000000,0.679281
57000000000,0.976986
57100000000,0.640429
57200000000,1.0
57300000000,0.613482
57400000000,0.968046
57500000000,0.575063
57600000000,1.0
57700000000,0.548116
57800000000,1.0
57900000000,0.531776
58000000000,0.995912
58100000000,0.527341
58200000000,0.980004
58300000000,0.511434
58400000000,0.994945
58500000000,0.506566
58600000000,0.999812
58700000000,0.513171
58800000000,0.999819
58900000000,0.531248
59000000000,1.0
59100000000,0.537852
59200000000,1.0
59300000000,0.544025
59400000000,1.0
59500000000,0.562102
59600000000,1.0
59700000000,0.591218
59800000000,1.0
59900000000,0.631375
60000000000,1.0
60100000000,0.660492
60200000000,1.0
60300000000,0.70108
60400000000,1.0
60500000000,0.752709
60600000000,1.0
60700000000,0.815378
60800000000,1.0
60900000000,0.867006
61000000000,1.0
61100000000,0.930107
61200000000,0.954969
61300000000,1.0
61400000000,0.880828
61500000000,1.0
61600000000,0.795648
61700000000,1.0
61800000000,0.721507
61900000000,1.0
62000000000,0.636326
62100000000,1.0
62200000000,0.539674
62300000000,1.0
62400000000,0.472535
62500000000,1.0
62600000000,0.568755
62700000000,1.0
62800000000,0.67688
62900000000,1.0
63000000000,0.796045
63100000000,1.0
63200000000,0.926249
63300000000,0.959259
63400000000,1.0
63500000000,0.840526
63600000000,1.0
63700000000,0.721362
63800000000,1.0
63900000000,0.591157
64000000000,1.0
64100000000,0.455467
64200000000,1.0
64300000000,0.608546
64400000000,1.0
64500000000,0.749861
64600000000,1.0
64700000000,0.903009
64800000000,0.983795
64900000000,1.0
65000000000,0.819606
65100000000,1.0
65200000000,0.643946
65300000000,1.0
65400000000,0.480189
65500000000,1.0
65600000000,0.600851
65700000000,1.0
65800000000,0.787552
65900000000,1.0
66000000000,0.985724
66100000000,0.901512
66200000000,1.0
66300000000,0.714811
66400000000,1.0
66500000000,0.51707
66600000000,1.0
66700000000,0.59837
66800000000,1.0
66900000000,0.818638
67000000000,1.0
67100000000,1.0
67200000000,0.859817
67300000000,1.0
67400000000,0.639564
67500000000,1.0
67600000000,0.498836
67700000000,1.0
67800000000,0.742032
67900000000,1.0
68000000000,0.973325
68100000000,0.914343
68200000000,1.0
68300000000,0.683051
68400000000,1.0
68500000000,0.466822
68600000000,1.0
68700000000,0.721058
68800000000,1.0
68900000000,0.986767
69000000000,0.901765
69100000000,1.0
69200000000,0.647529
69300000000,1.0
69400000000,0.525288
69500000000,1.0
69600000000,0.802036
69700000000,1.0
69800000000,1.0
69900000000,0.798707
70000000000,1.0
70100000000,0.522391
70200000000,1.0
70300000000,0.67337
70400000000,1.0
70500000000,0.97263
70600000000,0.916766
70700000000,1.0
70800000000,0.606034
70900000000,1.0
71000000000,0.601199
71100000000,1.0
71200000000,0.911931
71300000000,0.977897
71400000000,1.0
71500000000,0.656124
71600000000,1.0
71700000000,0.585524
71800000000,1.0
71900000000,0.906864
72000000000,0.982531
72100000000,1.0
72200000000,0.661191
72300000000,1.0
72400000000,0.580457
72500000000,1.0
72600000000,0.924742
72700000000,0.965518
72800000000,1.0
72900000000,0.609762
73000000000,1.0
73100000000,0.643358
73200000000,1.0
73300000000,0.999115
73400000000,0.891577
73500000000,1.0
73600000000,0.524781
73700000000,1.0
73800000000,0.762756
73900000000,1.0
74000000000,1.0
74100000000,0.76114
74200000000,1.0
74300000000,0.526396
74400000000,1.0
74500000000,0.915705
74600000000,0.975419
74700000000,1.0
74800000000,0.574639
74900000000,1.0
75000000000,0.724369
75100000000,1.0
75200000000,1.0
75300000000,0.766406
75400000000,1.0
75500000000,0.555546
75600000000,1.0
75700000000,0.978406
75800000000,0.912718
75900000000,1.0
76000000000,0.501329
76100000000,1.0
76200000000,0.820623
76300000000,1.0
76400000000,1.0
76500000000,0.648073
76600000000,1.0
76700000000,0.696824
76800000000,1.0
76900000000,1.0
77000000000,0.74936
77100000000,1.0
77200000000,0.595536
77300000000,1.0
77400000000,1.0
77500000000,0.851079
77600000000,1.0
77700000000,0.516761
77800000000,1.0
77900000000,0.985077
78000000000,0.907343
78100000000,1.0
78200000000,0.460497
78300000000,1.0
78400000000,0.928814
78500000000,0.964038
78600000000,1.0
78700000000,0.484682
78800000000,1.0
78900000000,0.917574
79000000000,0.975278
79100000000,1.0
79200000000,0.495922
79300000000,1.0
79400000000,0.906335
79500000000,0.986949
79600000000,1.0
79700000000,0.485081
79800000000,1.0
79900000000,0.940119
80000000000,0.953165
80100000000,1.0
80200000000,0.460563
80300000000,1.0
80400000000,0.973904
80500000000,0.919812
80600000000,1.0
80700000000,0.51686
80800000000,1.0
80900000000,1.0
81000000000,0.841004
81100000000,1.0
81200000000,0.595668
81300000000,1.0
81400000000,1.0
81500000000,0.773667
81600000000,1.0
81700000000,0.674477
81800000000,1.0
81900000000,1.0
82000000000,0.672779
82100000000,1.0
82200000000,0.798309
82300000000,1.0
82400000000,1.0
82500000000,0.548947
82600000000,1.0
82700000000,0.922142
82800000000,0.972006
82900000000,1.0
83000000000,0.510554
83100000000,1.0
83200000000,1.0
83300000000,0.80315
83400000000,1.0
83500000000,0.67941
83600000000,1.0
83700000000,1.0
83800000000,0.634726
83900000000,1.0
84000000000,0.870779
84100000000,1.0
84200000000,1.0
84300000000,0.492743
84400000000,1.0
84500000000,1.0
84600000000,0.810353
84700000000,1.0
84800000000,0.695151
84900000000,1.0
85000000000,1.0
85100000000,0.596905
85200000000,1.0
85300000000,0.931543
85400000000,0.963901
85500000000,1.0
85600000000,0.57602
85700000000,1.0
85800000000,1.0
85900000000,0.704996
86000000000,1.0
86100000000,0.834924
86200000000,1.0
86300000000,1.0
86400000000,0.490872
86500000000,1.0
86600000000,1.0
86700000000,0.756592
86800000000,1.0
86900000000,0.7948
87000000000,1.0
87100000000,1.0
87200000000,0.461788
87300000000,1.0
87400000000,1.0
87500000000,0.775068
87600000000,1.0
87700000000,0.81074
87800000000,1.0
87900000000,1.0
88000000000,0.488769
88100000000,1.0
88200000000,1.0
88300000000,0.737047
88400000000,1.0
88500000000,0.860233
88600000000,1.0
88700000000,1.0
88800000000,0.572677
88900000000,1.0
89000000000,1.0
89100000000,0.642099
89200000000,1.0
89300000000,0.966653
89400000000,0.930519
89500000000,1.0
89600000000,0.689705
89700000000,1.0
89800000000,1.0
89900000000,0.502991
90000000000,1.0
90100000000,1.0
90200000000,0.768467
90300000000,1.0
90400000000,0.851757
90500000000,1.0
90600000000,1.0
90700000000,0.586281
90800000000,1.0
90900000000,1.0
91000000000,0.583903
91100000000,1.0
91200000000,1.0
91300000000,0.826866
91400000000,1.0
91500000000,0.816302
91600000000,1.0
91700000000,1.0
91800000000,0.573338
91900000000,1.0
92000000000,1.0
92100000000,0.575198
92200000000,1.0
92300000000,1.0
92400000000,0.79565
92500000000,1.0
92600000000,0.870462
92700000000,1.0
92800000000,1.0
92900000000,0.63897
93000000000,1.0
93100000000,1.0
93200000000,0.498526
93300000000,1.0
93400000000,1.0
93500000000,0.707938
93600000000,1.0
93700000000,0.99259
93800000000,0.905878
93900000000,1.0
94000000000,0.783178
94100000000,1.0
94200000000,1.0
94300000000,0.58567
94400000000,1.0
94500000000,1.0
94600000000,0.518706
94700000000,1.0
94800000000,1.0
94900000000,0.694134
95000000000,1.0
95100000000,1.0
95200000000,0.881034
95300000000,1.0
95400000000,0.842438
95500000000,1.0
95600000000,1.0
95700000000,0.67805
95800000000,1.0
95900000000,1.0
96000000000,0.525566
96100000000,1.0
96200000000,1.0
96300000000,0.55673
96400000000,1.0
96500000000,1.0
96600000000,0.710078
96700000000,1.0
96800000000,1.0
96900000000,0.851954
97000000000,1.0
97100000000,0.917405
97200000000,0.981927
97300000000,1.0
97400000000,0.775961
97500000000,1.0
97600000000,1.0
97700000000,0.634085
97800000000,1.0
97900000000,1.0
98000000000,0.503681
98100000000,1.0
98200000000,1.0
98300000000,0.534455
98400000000,1.0
98500000000,1.0
98600000000,0.661723
98700000000,1.0
98800000000,0.501886
98900000000,0.953903
99000000000,0.584546
99100000000,0.942999
99200000000,0.690501
99300000000,0.955199
99400000000,0.785848
99500000000,0.967103
99600000000,0.869291
99700000000,0.94079
99800000000,0.941262
99900000000,0.856914
100000000000,0.951277
100100000000,0.784943
100200000000,0.965873
100300000000,0.724012
100400000000,0.991533
100500000000,0.674121
100600000000,0.981714
100700000000,0.613189
100800000000,0.967058
100900000000,0.56373
101000000000,0.993882
101100000000,0.525311
101200000000,0.980204
101300000000,0.497932
101400000000,1.0
101500000000,0.459512
101600000000,0.976733
101700000000,0.469791
101800000000,0.998213
101900000000,0.485698
102000000000,1.0
102100000000,0.490134
102200000000,1.0
102300000000,0.506041
102400000000,1.0
102500000000,0.51134
102600000000,1.0
102700000000,0.504736
102800000000,1.0
102900000000,0.486659
103000000000,1.0
103100000000,0.480486
103200000000,1.0
103300000000,0.473881
103400000000,1.0
103500000000,0.456237
103600000000,1.0
103700000000,0.475668
103800000000,1.0
103900000000,0.516257
104000000000,1.0
104100000000,0.544941
104200000000,1.0
104300000000,0.58553
104400000000,1.0
104500000000,0.637159
104600000000,1.0
104700000000,0.699827
104800000000,1.0
104900000000,0.751456
105000000000,1.0
105100000000,0.814556
105200000000,1.0
105300000000,0.888434
105400000000,0.996379
105500000000,0.973878
105600000000,0.910766
105700000000,1.0
105800000000,0.837058
105900000000,1.0
106000000000,0.751877
106100000000,1.0
106200000000,0.655224
106300000000,1.0
106400000000,0.547532
106500000000,1.0
106600000000,0.453205
106700000000,1.0
106800000000,0.561329
106900000000,1.0
107000000000,0.680494
107100000000,1.0
107200000000,0.810722
107300000000,1.0
107400000000,0.929863
107500000000,0.955645
107600000000,1.0
107700000000,0.836912
107800000000,1.0
107900000000,0.706708
108000000000,1.0
108100000000,0.565031
108200000000,1.0
108300000000,0.493065
108400000000,1.0
108500000000,0.63431
108600000000,1.0
108700000000,0.787459
108800000000,1.0
108900000000,0.951647
109000000000,0.935157
109100000000,1.0
109200000000,0.759496
109300000000,1.0
109400000000,0.595308
109500000000,1.0
109600000000,0.485378
109700000000,1.0
109800000000,0.672001
109900000000,1.0
110000000000,0.870174
110100000000,1.0
110200000000,1.0
110300000000,0.830362
110400000000,1.0
110500000000,0.632621
110600000000,1.0
110700000000,0.482835
110800000000,1.0
110900000000,0.703088
111000000000,1.0
111100000000,0.9123
111200000000,0.975368
111300000000,1.0
111400000000,0.755115
111500000000,1.0
111600000000,0.523391
111700000000,1.0
111800000000,0.626482
111900000000,1.0
112000000000,0.857906
112100000000,1.0
112200000000,1.0
112300000000,0.798169
112400000000,1.0
112500000000,0.555837
112600000000,1.0
112700000000,0.605508
112800000000,1.0
112900000000,0.871216
113000000000,1.0
113100000000,1.0
113200000000,0.763079
113300000000,1.0
113400000000,0.497803
113500000000,1.0
113600000000,0.686486
113700000000,1.0
113800000000,0.974274
113900000000,0.914258
114000000000,1.0
114100000000,0.637941
114200000000,1.0
114300000000,0.557819
114400000000,1.0
114500000000,0.857079
114600000000,1.0
114700000000,1.0
114800000000,0.721584
114900000000,1.0
115000000000,0.485648
115100000000,1.0
115200000000,0.796381
115300000000,1.0
115400000000,1.0
115500000000,0.771675
115600000000,1.0
115700000000,0.469973
115800000000,1.0
115900000000,0.791746
116000000000,1.0
116100000000,1.0
116200000000,0.77631
116300000000,1.0
116400000000,0.465339
116500000000,1.0
116600000000,0.809191
116700000000,1.0
116800000000,1.0
116900000000,0.725313
117000000000,1.0
117100000000,0.527808
117200000000,1.0
117300000000,0.883564
117400000000,1.0
117500000000,1.0
117600000000,0.640331
117700000000,1.0
117800000000,0.647205
117900000000,1.0
118000000000,1.0
118100000000,0.876691
118200000000,1.0
118300000000,0.498854
118400000000,1.0
118500000000,0.800154
118600000000,1.0
118700000000,1.0
118800000000,0.69019
118900000000,1.0
119000000000,0.608819
119100000000,1.0
119200000000,1.0
119300000000,0.881957
119400000000,1.0
119500000000,0.470569
119600000000,1.0
119700000000,0.862856
119800000000,1.0
119900000000,1.0
120000000000,0.61688
120100000000,1.0
120200000000,0.705072
120300000000,1.0
120400000000,1.0
120500000000,0.763623
120600000000,1.0
120700000000,0.581273
120800000000,1.0
120900000000,1.0
121000000000,0.864911
121100000000,1.0
121200000000,0.479986
121300000000,1.0
121400000000,0.92579
121500000000,0.966448
121600000000,1.0
121700000000,0.509786
121800000000,1.0
121900000000,0.869526
122000000000,1.0
122100000000,1.0
122200000000,0.566049
122300000000,1.0
122400000000,0.813263
122500000000,1.0
122600000000,1.0
122700000000,0.600233
122800000000,1.0
122900000000,0.802024
123000000000,1.0
123100000000,1.0
123200000000,0.611472
123300000000,1.0
123400000000,0.790784
123500000000,1.0
123600000000,1.0
123700000000,0.600632
123800000000,1.0
123900000000,0.824569
124000000000,1.0
124100000000,1.0
124200000000,0.566847
124300000000,1.0
124400000000,0.858353
124500000000,1.0
124600000000,1.0
124700000000,0.510983
124800000000,1.0
124900000000,0.937162
125000000000,0.956122
125100000000,1.0
125200000000,0.48055
125300000000,1.0
125400000000,1.0
125500000000,0.888786
125600000000,1.0
125700000000,0.559358
125800000000,1.0
125900000000,1.0
126000000000,0.787898
126100000000,1.0
126200000000,0.683191
126300000000,1.0
126400000000,1.0
126500000000,0.664065
126600000000,1.0
126700000000,0.807023
126800000000,1.0
126900000000,1.0
127000000000,0.518153
127100000000,1.0
127200000000,0.975879
127300000000,0.918701
127400000000,1.0
127500000000,0.56386
127600000000,1.0
127700000000,1.0
127800000000,0.750276
127900000000,1.0
128000000000,0.755228
128100000000,1.0
128200000000,1.0
128300000000,0.536396
128400000000,1.0
128500000000,0.969108
128600000000,0.925904
128700000000,1.0
128800000000,0.5796
128900000000,1.0
129000000000,1.0
129100000000,0.712455
129200000000,1.0
129300000000,0.815993
129400000000,1.0
129500000000,1.0
129600000000,0.460469
129700000000,1.0
129800000000,1.0
129900000000,0.820115
130000000000,1.0
130100000000,0.719373
130200000000,1.0
130300000000,1.0
130400000000,0.539131
130500000000,1.0
130600000000,1.0
130700000000,0.872143
130800000000,1.0
130900000000,0.67925
131000000000,1.0
131100000000,1.0
131200000000,0.568646
131300000000,1.0
131400000000,1.0
131500000000,0.890618
131600000000,1.0
131700000000,0.69519
131800000000,1.0
131900000000,1.0
132000000000,0.541666
132100000000,1.0
132200000000,1.0
132300000000,0.852598
132400000000,1.0
132500000000,0.744682
132600000000,1.0
132700000000,1.0
132800000000,0.458622
132900000000,1.0
133000000000,1.0
133100000000,0.75765
133200000000,1.0
133300000000,0.851102
133400000000,1.0
133500000000,1.0
133600000000,0.574154
133700000000,1.0
133800000000,1.0
133900000000,0.618541
134000000000,1.0
134100000000,1.0
134200000000,0.884017
134300000000,1.0
134400000000,0.736207
134500000000,1.0
134600000000,1.0
134700000000,0.471163
134800000000,1.0
134900000000,1.0
135000000000,0.699453
135100000000,1.0
135200000000,0.955187
135300000000,0.942417
135400000000,1.0
135500000000,0.700751
135600000000,1.0
135700000000,1.0
135800000000,0.458825
135900000000,1.0
136000000000,1.0
136100000000,0.690749
136200000000,1.0
136300000000,0.986835
136400000000,0.910769
136500000000,1.0
136600000000,0.755282
136700000000,1.0
136800000000,1.0
136900000000,0.523419
137000000000,1.0
137100000000,1.0
137200000000,0.614077
137300000000,1.0
137400000000,1.0
137500000000,0.823489
137600000000,1.0
137700000000,0.877039
137800000000,1.0
137900000000,1.0
138000000000,0.667627
138100000000,1.0
138200000000,1.0
138300000000,0.470119
138400000000,1.0
138500000000,1.0
138600000000,0.634257
138700000000,1.0
138800000000,1.0
138900000000,0.809685
139000000000,1.0
139100000000,0.902315
139200000000,0.996585
139300000000,1.0
139400000000,0.726887
139500000000,1.0
139600000000,1.0
139700000000,0.562931
139800000000,1.0
139900000000,1.0
140000000000,0.507893
140100000000,1.0
140200000000,1.0
140300000000,0.672281
140400000000,1.0
140500000000,1.0
140600000000,0.825629
140700000000,1.0
140800000000,0.932259
140900000000,0.967073
141000000000,1.0
141100000000,0.802034
141200000000,1.0
141300000000,1.0
141400000000,0.660411
141500000000,1.0
141600000000,1.0
141700000000,0.518535
141800000000,1.0
141900000000,1.0
142000000000,0.530641
142100000000,1.0
142200000000,1.0
142300000000,0.650005
142400000000,1.0
142500000000,1.0
142600000000,0.774473
142700000000,1.0
142800000000,0.614637
142900000000,0.954767
143000000000,0.700096
143100000000,0.944159
143200000000,0.806051
143300000000,0.955631
143400000000,0.900967
143500000000,0.89721
143600000000,0.975983
143700000000,0.825239
143800000000,0.964511
143900000000,0.741364
144000000000,0.976415
144100000000,0.669392
144200000000,0.986442
144300000000,0.608461
144400000000,0.971786
144500000000,0.559002
144600000000,0.966641
144700000000,0.497639
144800000000,0.992348
144900000000,0.453313
145000000000,0.981734
145100000000,0.492164
145200000000,1.0
145300000000,0.519111
145400000000,0.991549
145500000000,0.55753
145600000000,0.99651
145700000000,0.58491
145800000000,1.0
145900000000,0.601249
146000000000,1.0
146100000000,0.605684
146200000000,0.990407
146300000000,0.621592
146400000000,1.0
146500000000,0.626891
146600000000,1.0
146700000000,0.620286
146800000000,1.0
146900000000,0.602209
147000000000,1.0
147100000000,0.595605
147200000000,1.0
147300000000,0.589432
147400000000,1.0
147500000000,0.571787
147600000000,1.0
147700000000,0.542671
147800000000,1.0
147900000000,0.502514
148000000000,1.0
148100000000,0.473397
148200000000,1.0
148300000000,0.469979
148400000000,1.0
148500000000,0.521608
148600000000,1.0
148700000000,0.584306
148800000000,1.0
148900000000,0.635905
149000000000,1.0
149100000000,0.699006
149200000000,1.0
149300000000,0.773146
149400000000,1.0
149500000000,0.858327
149600000000,1.0
149700000000,0.932468
149800000000,0.952608
149900000000,1.0
150000000000,0.867428
150100000000,1.0
150200000000,0.770775
150300000000,1.0
150400000000,0.66265
150500000000,1.0
150600000000,0.56643
150700000000,1.0
150800000000,0.458737
150900000000,1.0
151000000000,0.564943
151100000000,1.0
151200000000,0.69558
151300000000,1.0
151400000000,0.814312
151500000000,1.0
151600000000,0.933477
151700000000,0.952463
151800000000,1.0
151900000000,0.822258
152000000000,1.0
152100000000,0.680582
152200000000,1.0
152300000000,0.527433
152400000000,1.0
152500000000,0.518759
152600000000,1.0
152700000000,0.671908
152800000000,1.0
152900000000,0.836096
153000000000,1.0
153100000000,1.0
153200000000,0.875047
153300000000,1.0
153400000000,0.710858
153500000000,1.0
153600000000,0.536062
153700000000,1.0
153800000000,0.556451
153900000000,1.0
154000000000,0.754623
154100000000,1.0
154200000000,0.941324
154300000000,0.945912
154400000000,1.0
154500000000,0.748172
154600000000,1.0
154700000000,0.538959
154800000000,1.0
154900000000,0.587537
155000000000,1.0
155100000000,0.79675
155200000000,1.0
155300000000,1.0
155400000000,0.870666
155500000000,1.0
155600000000,0.638941
155700000000,1.0
155800000000,0.510931
155900000000,1.0
156000000000,0.742656
156100000000,1.0
156200000000,0.973948
156300000000,0.91372
156400000000,1.0
156500000000,0.671387
156600000000,1.0
156700000000,0.489957
156800000000,1.0
156900000000,0.755666
157000000000,1.0
157100000000,1.0
157200000000,0.87863
157300000000,1.0
157400000000,0.613353
157500000000,1.0
157600000000,0.570935
157700000000,1.0
157800000000,0.85877
157900000000,1.0
158000000000,1.0
158100000000,0.75306
158200000000,1.0
158300000000,0.465704
158400000000,1.0
158500000000,0.741529
158600000000,1.0
158700000000,1.0
158800000000,0.837135
158900000000,1.0
159000000000,0.537874
159100000000,1.0
159200000000,0.68083
159300000000,1.0
159400000000,1.0
159500000000,0.887226
159600000000,1.0
159700000000,0.553981
159800000000,1.0
159900000000,0.676195
160000000000,1.0
160100000000,0.997536
160200000000,0.89186
160300000000,1.0
160400000000,0.55948
160500000000,1.0
160600000000,0.69364
160700000000,1.0
160800000000,1.0
160900000000,0.840863
161000000000,1.0
161100000000,0.496579
161200000000,1.0
161300000000,0.768014
161400000000,1.0
161500000000,1.0
161600000000,0.755882
161700000000,1.0
161800000000,0.531654
161900000000,1.0
162000000000,0.898451
162100000000,0.992241
162200000000,1.0
162300000000,0.614405
162400000000,1.0
162500000000,0.684603
162600000000,1.0
162700000000,1.0
162800000000,0.80574
162900000000,1.0
163000000000,0.493268
163100000000,1.0
163200000000,0.894048
163300000000,0.997508
163400000000,1.0
163500000000,0.585687
163600000000,1.0
163700000000,0.747737
163800000000,1.0
163900000000,1.0
164000000000,0.731999
164100000000,1.0
164200000000,0.589954
164300000000,1.0
164400000000,1.0
164500000000,0.878742
164600000000,1.0
164700000000,0.466154
164800000000,1.0
164900000000,0.911527
165000000000,0.980029
165100000000,1.0
165200000000,0.546129
165300000000,1.0
165400000000,0.810239
165500000000,1.0
165600000000,1.0
165700000000,0.625336
165800000000,1.0
165900000000,0.753976
166000000000,1.0
166100000000,1.0
166200000000,0.6816
166300000000,1.0
166400000000,0.697712
166500000000,1.0
166600000000,1.0
166700000000,0.715783
166800000000,1.0
166900000000,0.686473
167000000000,1.0
167100000000,1.0
167200000000,0.727023
167300000000,1.0
167400000000,0.675233
167500000000,1.0
167600000000,1.0
167700000000,0.716182
167800000000,1.0
167900000000,0.709018
168000000000,1.0
168100000000,1.0
168200000000,0.682398
168300000000,1.0
168400000000,0.742802
168500000000,1.0
168600000000,1.0
168700000000,0.626533
168800000000,1.0
168900000000,0.821611
169000000000,1.0
169100000000,1.0
169200000000,0.547725
169300000000,1.0
169400000000,0.888947
169500000000,1.0
169600000000,1.0
169700000000,0.469348
169800000000,1.0
169900000000,0.990268
170000000000,0.903448
170100000000,1.0
170200000000,0.56764
170300000000,1.0
170400000000,1.0
170500000000,0.779616
170600000000,1.0
170700000000,0.691472
170800000000,1.0
170900000000,1.0
171000000000,0.633703
171100000000,1.0
171200000000,0.860329
171300000000,1.0
171400000000,1.0
171500000000,0.464847
171600000000,1.0
171700000000,1.0
171800000000,0.865827
171900000000,1.0
172000000000,0.639677
172100000000,1.0
172200000000,1.0
172300000000,0.651947
172400000000,1.0
172500000000,0.853558
172600000000,1.0
172700000000,1.0
172800000000,0.46405
172900000000,1.0
173000000000,1.0
173100000000,0.828006
173200000000,1.0
173300000000,0.700442
173400000000,1.0
173500000000,1.0
173600000000,0.569102
173700000000,1.0
173800000000,0.959346
173900000000,0.935666
174000000000,1.0
174100000000,0.604255
174200000000,1.0
174300000000,1.0
174400000000,0.654681
174500000000,1.0
174600000000,0.908183
174700000000,0.987693
174800000000,1.0
174900000000,0.563699
175000000000,1.0
175100000000,1.0
175200000000,0.684197
175300000000,1.0
175400000000,0.890139
175500000000,1.0
175600000000,1.0
175700000000,0.579639
175800000000,1.0
175900000000,1.0
176000000000,0.657217
176100000000,1.0
176200000000,0.928591
176300000000,0.967717
176400000000,1.0
176500000000,0.629564
176600000000,1.0
176700000000,1.0
176800000000,0.57374
176900000000,1.0
177000000000,1.0
177100000000,0.8732
177200000000,1.0
177300000000,0.735552
177400000000,1.0
177500000000,1.0
177600000000,0.458604
177700000000,1.0
177800000000,1.0
177900000000,0.734092
178000000000,1.0
178100000000,0.897604
178200000000,0.999568
178300000000,1.0
178400000000,0.620656
178500000000,1.0
178600000000,1.0
178700000000,0.561
178800000000,1.0
178900000000,1.0
179000000000,0.815004
179100000000,1.0
179200000000,0.839636
179300000000,1.0
179400000000,1.0
179500000000,0.5852
179600000000,1.0
179700000000,1.0
179800000000,0.574376
179900000000,1.0
180000000000,1.0
180100000000,0.8063
180200000000,1.0
180300000000,0.871284
180400000000,1.0
180500000000,1.0
180600000000,0.639792
180700000000,1.0
180800000000,1.0
180900000000,0.508744
181000000000,1.0
181100000000,1.0
181200000000,0.729628
181300000000,1.0
181400000000,0.959428
181500000000,0.93904
181600000000,1.0
181700000000,0.761488
181800000000,1.0
181900000000,1.0
182000000000,0.552508
182100000000,1.0
182200000000,1.0
182300000000,0.562908
182400000000,1.0
182500000000,1.0
182600000000,0.749808
182700000000,1.0
182800000000,0.973664
182900000000,0.925236
183000000000,1.0
183100000000,0.786764
183200000000,1.0
183300000000,1.0
183400000000,0.611336
183500000000,1.0
183600000000,1.0
183700000000,0.47096
183800000000,1.0
183900000000,1.0
184000000000,0.623444
184100000000,1.0
184200000000,1.0
184300000000,0.787832
184400000000,1.0
184500000000,0.958584
184600000000,0.94118
184700000000,1.0
184800000000,0.816708
184900000000,1.0
185000000000,1.0
185100000000,0.686736
185200000000,1.0
185300000000,1.0
185400000000,0.54486
185500000000,1.0
185600000000,1.0
185700000000,0.515356
185800000000,1.0
185900000000,1.0
186000000000,0.646192
186100000000,1.0
186200000000,1.0
186300000000,0.765124
186400000000,1.0
186500000000,1.0
186600000000,0.887224
186700000000,1.0
186800000000,0.726892
186900000000,0.955199
187000000000,0.815647
187100000000,0.944591
187200000000,0.921602
187300000000,0.865103
187400000000,0.947994
187500000000,0.78166
187600000000,0.95155
187700000000,0.709688
187800000000,0.945283
187900000000,0.626245
188000000000,0.953571
188100000000,0.553842
188200000000,0.961481
188300000000,0.492911
188400000000,0.987619
188500000000,0.458041
188600000000,0.986462
188700000000,0.518972
188800000000,0.99141
188900000000,0.568863
189000000000,1.0
189100000000,0.607282
189200000000,0.989847
189300000000,0.634662
189400000000,0.995333
189500000000,0.673081
189600000000,1.0
189700000000,0.70046
189800000000,0.993151
189900000000,0.7168
190000000000,1.0
190100000000,0.721235
190200000000,1.0
190300000000,0.737142
190400000000,1.0
190500000000,0.742009
190600000000,1.0
190700000000,0.735837
190800000000,1.0
190900000000,0.71776
191000000000,1.0
191100000000,0.711155
191200000000,1.0
191300000000,0.704983
191400000000,1.0
191500000000,0.687338
191600000000,1.0
191700000000,0.658221
191800000000,1.0
191900000000,0.617633
192000000000,1.0
192100000000,0.588948
192200000000,1.0
192300000000,0.548791
192400000000,1.0
192500000000,0.497163
192600000000,1.0
192700000000,0.469158
192800000000,1.0
192900000000,0.520355
193000000000,1.0
193100000000,0.583455
193200000000,1.0
193300000000,0.657596
193400000000,1.0
193500000000,0.742776
193600000000,1.0
193700000000,0.816917
193800000000,1.0
193900000000,0.90253
194000000000,0.982978
194100000000,0.999182
194200000000,0.886326
194300000000,1.0
194400000000,0.778201
194500000000,1.0
194600000000,0.68198
194700000000,1.0
194800000000,0.574288
194900000000,1.0
195000000000,0.455123
195100000000,1.0
195200000000,0.580029
195300000000,1.0
195400000000,0.698762
195500000000,1.0
195600000000,0.817926
195700000000,1.0
195800000000,0.948563
195900000000,0.937809
196000000000,1.0
196100000000,0.796132
196200000000,1.0
196300000000,0.642984
196400000000,1.0
196500000000,0.501739
196600000000,1.0
196700000000,0.556357
196800000000,1.0
196900000000,0.720546
197000000000,1.0
197100000000,0.896206
197200000000,0.990598
197300000000,1.0
197400000000,0.826409
197500000000,1.0
197600000000,0.65128
197700000000,1.0
197800000000,0.464912
197900000000,1.0
198000000000,0.639073
198100000000,1.0
198200000000,0.825773
198300000000,1.0
198400000000,1.0
198500000000,0.863722
198600000000,1.0
198700000000,0.65451
198800000000,1.0
198900000000,0.472419
199000000000,1.0
199100000000,0.681199
199200000000,1.0
199300000000,0.901884
199400000000,0.986216
199500000000,1.0
199600000000,0.754492
199700000000,1.0
199800000000,0.511295
199900000000,1.0
